2014-06-05 2014063 03 08 17 21 22 31 16 318,559,312 
2014-06-03 2014062 06 09 15 24 25 26 09 324,555,900 
2014-06-01 2014061 02 14 17 27 28 31 08 348,086,982 
2014-05-29 2014060 03 05 14 18 25 33 06 332,537,430 
2014-05-27 2014059 05 08 12 13 23 25 13 332,914,310 
2014-05-25 2014058 02 03 12 13 14 25 11 395,239,936 
2014-05-22 2014057 02 04 12 18 23 31 08 357,051,002 
2014-05-20 2014056 01 11 18 20 28 29 01 355,820,816 
2014-05-18 2014055 02 09 14 19 21 30 04 399,255,230 
2014-05-15 2014054 01 04 05 11 29 30 14 362,404,232 
2014-05-13 2014053 14 17 19 22 26 31 02 357,050,160 
2014-05-11 2014052 09 13 15 28 30 33 08 388,520,458 
2014-05-08 2014051 10 16 19 21 23 24 13 355,097,144 
2014-05-06 2014050 03 17 23 25 26 32 13 356,974,970 
2014-05-04 2014049 06 07 16 17 23 32 06 395,100,460 
2014-05-01 2014048 06 09 16 17 24 25 16 328,158,768 
2014-04-29 2014047 08 10 11 12 19 29 15 367,083,108 
2014-04-27 2014046 02 10 11 17 18 22 10 407,325,576 
2014-04-24 2014045 02 04 09 11 19 22 15 375,431,708 
2014-04-22 2014044 04 09 21 27 28 33 12 373,074,342 
2014-04-20 2014043 02 05 09 14 24 33 09 415,843,112 
2014-04-17 2014042 12 15 20 25 28 33 14 373,018,334 
2014-04-15 2014041 07 11 16 18 21 22 02 365,242,842 
2014-04-13 2014040 03 04 06 11 12 15 08 406,009,192 
2014-04-10 2014039 03 11 15 19 20 31 07 363,687,932 
2014-04-08 2014038 04 07 22 23 24 33 16 356,364,376 
2014-04-06 2014037 06 13 14 24 25 30 07 385,617,546 
2014-04-03 2014036 01 07 08 09 11 22 03 378,585,748 
2014-04-01 2014035 07 08 09 17 32 33 06 385,901,784 
2014-03-30 2014034 01 03 04 08 25 31 06 432,189,956 
2014-03-27 2014033 05 13 23 28 32 33 12 403,193,612 
2014-03-25 2014032 01 02 14 22 29 33 07 397,424,848 
2014-03-23 2014031 04 10 16 17 21 27 14 443,595,958 
2014-03-20 2014030 12 18 19 23 24 30 10 396,594,924 
2014-03-18 2014029 02 07 14 16 21 29 14 396,072,528 
2014-03-16 2014028 06 16 21 27 30 32 05 435,709,368 
2014-03-13 2014027 08 10 14 16 30 31 01 384,105,632 
2014-03-11 2014026 01 02 05 06 11 23 14 376,888,174 
2014-03-09 2014025 01 05 10 14 16 30 16 420,328,670 
2014-03-06 2014024 08 10 16 20 23 30 09 380,942,014 
2014-03-04 2014023 07 09 13 17 21 22 10 379,325,720 
2014-03-02 2014022 04 06 07 10 21 26 16 422,477,050 
2014-02-27 2014021 08 10 15 17 22 29 12 376,012,996 
2014-02-25 2014020 09 14 17 23 24 25 15 369,800,298 
2014-02-23 2014019 02 10 15 19 20 21 07 409,381,396 
2014-02-20 2014018 13 17 18 21 30 33 15 366,787,508 
2014-02-18 2014017 04 06 07 14 25 26 10 354,286,552 
2014-02-16 2014016 02 03 07 13 21 24 08 394,728,698 
2014-02-13 2014015 02 11 19 30 32 33 09 345,827,928 
2014-02-11 2014014 04 09 19 22 25 29 15 340,281,006 
2014-02-09 2014013 05 09 13 15 17 21 13 447,850,102 
2014-01-28 2014012 01 08 11 19 21 24 08 364,615,256 
2014-01-26 2014011 09 10 13 14 21 32 02 400,827,700 
2014-01-23 2014010 05 07 08 20 31 33 11 359,922,428 
2014-01-21 2014009 08 09 19 20 25 32 16 348,408,848 
2014-01-19 2014008 05 14 16 21 29 30 12 392,135,484 
2014-01-16 2014007 08 10 12 14 18 28 14 346,606,050 
2014-01-14 2014006 03 04 07 17 21 27 14 369,941,458 
2014-01-12 2014005 15 18 23 27 32 33 04 414,088,906 
2014-01-09 2014004 01 04 19 22 24 25 15 373,155,800 
2014-01-07 2014003 06 10 11 28 30 33 12 363,993,362 
2014-01-05 2014002 04 21 23 31 32 33 04 408,021,124 
2014-01-02 2014001 03 09 15 20 27 29 01 371,341,368 
2013-12-31 2013154 07 11 14 19 24 29 05 382,836,786 
2013-12-29 2013153 08 11 13 18 28 33 10 394,373,774 
2013-12-26 2013152 04 06 14 16 18 29 05 353,968,798 
2013-12-24 2013151 03 09 10 19 28 33 09 376,460,226 
2013-12-22 2013150 01 15 16 25 26 29 10 409,001,896 
2013-12-19 2013149 09 18 25 26 30 32 11 369,490,424 
2013-12-17 2013148 06 11 12 14 17 22 01 354,333,120 
2013-12-15 2013147 02 15 16 17 19 30 08 400,947,352 
2013-12-12 2013146 08 20 25 30 32 33 01 404,451,866 
2013-12-10 2013145 06 10 13 16 23 24 15 364,933,776 
2013-12-08 2013144 05 07 12 19 27 31 02 406,764,784 
2013-12-05 2013143 12 18 21 22 27 32 11 364,973,022 
2013-12-03 2013142 11 12 14 20 22 29 14 356,100,256 
2013-12-01 2013141 03 04 05 25 30 31 04 409,703,546 
2013-11-28 2013140 01 05 12 13 21 22 10 359,556,480 
2013-11-26 2013139 07 08 11 13 21 27 08 372,082,440 
2013-11-24 2013138 04 15 16 24 27 28 03 402,650,432 
2013-11-21 2013137 04 17 19 23 24 27 10 379,293,130 
2013-11-19 2013136 04 06 14 16 18 26 06 369,164,734 
2013-11-17 2013135 09 23 24 25 29 31 12 406,720,240 
2013-11-14 2013134 01 17 18 19 25 29 10 372,289,714 
2013-11-12 2013133 04 07 12 19 22 25 01 361,709,328 
2013-11-10 2013132 20 21 22 23 25 27 12 420,848,208 
2013-11-07 2013131 04 06 12 17 19 26 09 388,319,260 
2013-11-05 2013130 01 03 15 16 31 33 08 385,080,972 
2013-11-03 2013129 05 06 10 14 27 31 14 418,710,844 
2013-10-31 2013128 07 13 17 19 25 31 08 381,844,688 
2013-10-29 2013127 02 03 13 20 22 33 14 376,726,836 
2013-10-27 2013126 04 10 19 27 31 33 16 408,866,622 
2013-10-24 2013125 04 06 08 18 25 28 16 372,984,566 
2013-10-22 2013124 03 09 15 23 25 30 07 347,249,642 
2013-10-20 2013123 01 02 06 11 17 25 02 385,822,278 
2013-10-17 2013122 07 10 13 15 26 27 11 345,544,080 
2013-10-15 2013121 04 05 06 07 25 27 07 337,100,116 
2013-10-13 2013120 05 06 13 18 23 31 11 404,684,072 
2013-10-10 2013119 05 15 20 22 26 32 09 357,071,040 
2013-10-08 2013118 02 03 17 22 32 33 16 343,511,272 
2013-10-06 2013117 09 12 13 24 27 33 16 368,579,726 
2013-10-03 2013116 12 15 21 26 32 33 07 312,633,700 
2013-10-01 2013115 03 12 16 17 18 27 08 319,974,332 
2013-09-29 2013114 04 06 17 21 23 33 07 398,506,774 
2013-09-26 2013113 04 07 11 17 24 33 09 353,992,568 
2013-09-24 2013112 01 06 12 13 22 31 07 344,881,702 
2013-09-22 2013111 01 02 03 06 08 33 13 401,502,238 
2013-09-19 2013110 15 17 18 21 29 32 13 341,867,256 
2013-09-17 2013109 09 23 24 27 29 32 08 351,155,742 
2013-09-15 2013108 16 21 22 28 31 32 05 384,725,718 
2013-09-12 2013107 07 09 11 17 28 31 11 349,907,348 
2013-09-10 2013106 09 11 23 30 31 32 06 344,715,810 
2013-09-08 2013105 01 11 23 27 31 32 09 380,197,404 
2013-09-05 2013104 01 02 04 15 17 28 11 339,771,188 
2013-09-03 2013103 02 04 09 13 18 20 07 329,389,008 
2013-09-01 2013102 02 04 05 06 08 16 03 374,113,680 
2013-08-29 2013101 05 07 09 23 27 32 01 339,246,710 
2013-08-27 2013100 04 08 11 14 16 20 11 324,850,520 
2013-08-25 2013099 05 11 20 21 26 31 03 359,490,506 
2013-08-22 2013098 07 15 18 19 20 26 14 333,979,300 
2013-08-20 2013097 05 14 17 22 23 25 07 326,153,582 
2013-08-18 2013096 01 02 22 28 29 30 15 364,530,978 
2013-08-15 2013095 01 06 15 19 28 29 10 321,839,422 
2013-08-13 2013094 02 04 14 18 20 22 07 320,217,972 
2013-08-11 2013093 01 02 08 26 29 31 14 345,826,922 
2013-08-08 2013092 07 11 15 21 26 31 06 311,052,518 
2013-08-06 2013091 04 14 24 25 28 31 10 308,670,790 
2013-08-04 2013090 02 05 11 23 24 29 08 372,773,264 
2013-08-01 2013089 04 08 12 19 21 25 13 337,088,774 
2013-07-30 2013088 09 15 20 21 22 24 14 332,225,112 
2013-07-28 2013087 02 13 19 23 24 28 05 364,306,204 
2013-07-25 2013086 02 04 11 13 16 26 11 326,453,274 
2013-07-23 2013085 02 08 12 14 16 32 16 330,145,456 
2013-07-21 2013084 05 07 09 11 20 21 03 373,588,034 
2013-07-18 2013083 05 06 12 14 19 23 09 338,036,388 
2013-07-16 2013082 04 13 14 20 22 30 06 326,611,872 
2013-07-14 2013081 01 04 10 13 21 31 13 359,745,012 
2013-07-11 2013080 10 11 12 23 28 32 16 327,918,824 
2013-07-09 2013079 07 13 17 19 22 26 13 320,512,624 
2013-07-07 2013078 03 05 17 18 26 27 15 355,637,236 
2013-07-04 2013077 09 14 23 24 26 29 03 333,114,166 
2013-07-02 2013076 14 23 24 26 29 30 03 326,689,120 
2013-06-30 2013075 04 06 09 25 30 33 14 358,276,246 
2013-06-27 2013074 03 06 08 14 19 32 03 320,654,782 
2013-06-25 2013073 02 09 13 17 20 28 11 324,559,238 
2013-06-23 2013072 02 08 11 14 19 33 09 351,392,580 
2013-06-20 2013071 05 12 21 23 26 28 09 311,914,552 
2013-06-18 2013070 02 03 09 10 28 30 06 296,577,242 
2013-06-16 2013069 07 16 17 18 30 33 06 369,339,396 
2013-06-13 2013068 02 07 13 20 25 27 06 329,872,238 
2013-06-11 2013067 01 04 09 15 22 30 06 309,743,864 
2013-06-09 2013066 01 03 16 17 20 32 07 368,087,166 
2013-06-06 2013065 07 18 19 23 29 30 02 334,460,176 
2013-06-04 2013064 01 09 13 22 25 32 12 328,102,052 
2013-06-02 2013063 10 15 18 20 23 31 12 354,390,256 
2013-05-30 2013062 01 06 07 19 22 27 02 313,979,568 
2013-05-28 2013061 05 06 07 12 13 18 12 335,064,726 
2013-05-26 2013060 05 07 10 13 19 20 15 368,726,696 
2013-05-23 2013059 03 10 18 24 27 29 09 339,381,758 
2013-05-21 2013058 08 11 17 21 23 24 05 338,075,776 
2013-05-19 2013057 13 16 19 23 26 28 05 367,207,180 
2013-05-16 2013056 03 12 25 26 28 29 16 330,573,576 
2013-05-14 2013055 08 18 19 22 27 32 06 328,924,474 
2013-05-12 2013054 03 04 08 14 21 28 14 367,209,526 
2013-05-09 2013053 03 12 13 22 30 33 14 327,360,018 
2013-05-07 2013052 06 07 14 21 22 24 13 320,719,928 
2013-05-05 2013051 08 12 15 19 28 29 02 377,856,082 
2013-05-02 2013050 03 07 13 18 22 25 03 331,969,178 
2013-04-30 2013049 10 13 14 16 21 32 14 295,889,902 
2013-04-28 2013048 10 13 17 28 30 32 04 379,712,106 
2013-04-25 2013047 01 08 11 17 27 30 12 347,274,348 
2013-04-23 2013046 03 16 19 20 24 26 06 352,094,234 
2013-04-21 2013045 06 07 08 14 23 31 12 389,847,482 
2013-04-18 2013044 03 05 11 18 26 28 06 355,471,956 
2013-04-16 2013043 03 06 14 15 17 25 16 358,568,922 
2013-04-14 2013042 01 08 12 13 15 33 03 396,763,590 
2013-04-11 2013041 02 10 12 17 23 24 05 358,260,706 
2013-04-09 2013040 02 04 10 12 17 30 10 352,650,578 
2013-04-07 2013039 01 02 14 15 24 29 06 390,740,078 
2013-04-04 2013038 09 10 12 14 15 19 11 328,400,842 
2013-04-02 2013037 02 15 18 27 28 32 14 350,336,028 
2013-03-31 2013036 04 05 09 27 29 31 13 393,497,514 
2013-03-28 2013035 01 14 15 17 26 30 02 351,498,872 
2013-03-26 2013034 06 15 20 22 26 33 09 339,315,898 
2013-03-24 2013033 05 06 13 17 19 28 01 397,248,028 
2013-03-21 2013032 04 21 25 29 30 33 03 365,616,360 
2013-03-19 2013031 03 13 14 15 21 33 03 365,951,410 
2013-03-17 2013030 07 14 18 25 26 29 06 405,193,314 
2013-03-14 2013029 06 07 10 19 23 29 12 367,189,222 
2013-03-12 2013028 07 08 14 25 26 28 13 363,477,764 
2013-03-10 2013027 01 02 04 12 21 24 12 401,897,672 
2013-03-07 2013026 04 11 14 15 22 31 11 357,237,076 
2013-03-05 2013025 16 17 18 24 25 30 08 365,053,994 
2013-03-03 2013024 04 05 13 23 27 30 09 397,860,528 
2013-02-28 2013023 03 06 15 18 30 32 05 359,844,386 
2013-02-26 2013022 02 04 07 09 15 20 07 349,104,140 
2013-02-24 2013021 01 06 17 19 26 31 11 386,291,388 
2013-02-21 2013020 01 07 08 12 16 21 01 337,611,102 
2013-02-19 2013019 01 02 05 16 20 26 06 316,958,200 
2013-02-17 2013018 02 08 13 28 29 30 05 364,752,666 
2013-02-07 2013017 04 06 12 30 31 32 09 339,247,106 
2013-02-05 2013016 02 05 06 12 14 28 05 327,207,104 
2013-02-03 2013015 05 06 07 11 13 18 15 377,989,410 
2013-01-31 2013014 02 04 05 17 19 20 08 348,187,310 
2013-01-29 2013013 05 06 13 19 22 28 09 351,745,408 
2013-01-27 2013012 06 14 17 22 28 29 02 389,114,476 
2013-01-24 2013011 03 12 17 24 27 29 09 350,274,074 
2013-01-22 2013010 01 09 11 17 32 33 12 347,709,230 
2013-01-20 2013009 01 04 09 13 16 23 02 383,674,016 
2013-01-17 2013008 03 08 17 21 25 32 15 341,795,384 
2013-01-15 2013007 02 09 15 22 26 32 01 341,246,158 
2013-01-13 2013006 09 10 13 17 22 30 13 374,366,198 
2013-01-10 2013005 01 13 14 25 31 32 12 339,352,226 
2013-01-08 2013004 06 10 16 20 27 32 08 337,097,616 
2013-01-06 2013003 22 23 26 27 28 33 09 367,773,688 
2013-01-03 2013002 01 16 18 22 28 30 12 303,822,912 
2013-01-01 2013001 06 08 14 15 24 25 06 309,153,922 
2012-12-30 2012154 05 07 12 16 28 32 04 349,475,260 
2012-12-27 2012153 04 05 11 21 27 28 10 315,610,858 
2012-12-25 2012152 10 12 18 22 28 29 07 327,454,924 
2012-12-23 2012151 05 14 24 25 26 32 01 362,492,002 
2012-12-20 2012150 09 11 17 23 24 26 07 325,835,512 
2012-12-18 2012149 01 05 13 25 26 32 13 314,338,172 
2012-12-16 2012148 03 06 11 17 21 31 07 373,006,912 
2012-12-13 2012147 02 12 15 23 24 32 09 330,613,366 
2012-12-11 2012146 01 05 07 13 29 32 13 320,313,400 
2012-12-09 2012145 05 20 26 27 28 33 03 349,657,358 
2012-12-06 2012144 03 10 12 13 27 30 04 326,127,870 
2012-12-04 2012143 07 08 18 25 30 32 06 322,260,704 
2012-12-02 2012142 05 18 22 28 29 31 06 355,971,618 
2012-11-29 2012141 03 05 08 19 20 27 09 331,745,670 
2012-11-27 2012140 14 18 27 30 31 33 15 328,890,054 
2012-11-25 2012139 08 19 21 24 28 31 15 359,675,456 
2012-11-22 2012138 01 07 16 17 19 21 14 322,213,636 
2012-11-20 2012137 01 02 04 06 13 17 07 323,374,784 
2012-11-18 2012136 02 07 08 17 21 28 11 370,704,246 
2012-11-15 2012135 02 05 07 08 11 17 16 334,488,518 
2012-11-13 2012134 02 05 06 07 13 23 15 331,006,688 
2012-11-11 2012133 01 08 11 20 21 29 02 364,736,358 
2012-11-08 2012132 07 12 16 17 21 25 10 332,827,106 
2012-11-06 2012131 06 18 19 26 28 32 12 334,407,788 
2012-11-04 2012130 01 03 15 20 22 31 03 355,629,806 
2012-11-01 2012129 01 07 09 17 21 29 01 331,737,426 
2012-10-30 2012128 05 09 12 29 30 31 05 322,643,800 
2012-10-28 2012127 01 09 11 21 26 32 08 373,363,120 
2012-10-25 2012126 03 05 12 15 23 24 07 336,798,500 
2012-10-23 2012125 08 12 13 26 29 33 01 337,488,334 
2012-10-21 2012124 06 07 21 25 27 33 11 369,201,172 
2012-10-18 2012123 08 10 16 25 28 33 09 334,799,840 
2012-10-16 2012122 12 13 19 22 28 29 11 325,004,070 
2012-10-14 2012121 01 07 08 20 23 24 11 355,530,542 
2012-10-11 2012120 01 04 20 24 28 29 16 311,866,338 
2012-10-09 2012119 12 20 25 26 27 28 13 321,919,326 
2012-10-07 2012118 05 06 07 12 15 28 11 352,094,796 
2012-10-04 2012117 13 15 18 20 24 28 09 285,909,300 
2012-10-02 2012116 03 21 26 29 31 32 03 270,974,690 
2012-09-30 2012115 03 08 20 24 26 32 14 330,478,202 
2012-09-27 2012114 01 06 11 26 27 29 15 323,638,620 
2012-09-25 2012113 03 06 09 13 18 32 06 321,721,194 
2012-09-23 2012112 08 15 20 21 27 31 06 365,453,898 
2012-09-20 2012111 02 09 10 20 22 31 13 334,284,550 
2012-09-18 2012110 03 07 10 13 22 32 09 327,652,012 
2012-09-16 2012109 02 12 24 26 29 31 03 366,377,520 
2012-09-13 2012108 01 09 12 13 19 28 13 329,301,702 
2012-09-11 2012107 11 12 15 24 25 31 09 325,537,564 
2012-09-09 2012106 13 14 20 22 23 32 16 368,837,242 
2012-09-06 2012105 06 13 14 15 17 30 04 332,112,822 
2012-09-04 2012104 04 05 09 10 19 28 03 326,123,048 
2012-09-02 2012103 04 09 11 14 32 33 02 364,812,438 
2012-08-30 2012102 13 25 27 28 29 30 15 330,626,818 
2012-08-28 2012101 09 12 17 18 20 33 02 332,762,926 
2012-08-26 2012100 05 07 15 18 25 33 10 365,221,470 
2012-08-23 2012099 08 12 15 16 21 27 16 334,215,270 
2012-08-21 2012098 02 12 19 26 29 31 09 328,680,072 
2012-08-19 2012097 05 08 13 14 19 22 06 362,228,722 
2012-08-16 2012096 04 07 11 16 29 33 07 324,279,054 
2012-08-14 2012095 17 24 27 28 29 30 02 324,870,412 
2012-08-12 2012094 06 09 14 16 23 33 15 360,208,214 
2012-08-09 2012093 03 05 19 21 24 33 13 324,000,944 
2012-08-07 2012092 06 13 17 18 28 32 03 323,643,554 
2012-08-05 2012091 01 05 07 08 19 21 16 363,226,218 
2012-08-02 2012090 02 13 20 25 29 30 11 329,354,360 
2012-07-31 2012089 03 07 10 13 14 25 11 323,395,064 
2012-07-29 2012088 03 05 23 24 27 31 15 363,501,734 
2012-07-26 2012087 03 10 11 13 14 22 09 333,397,892 
2012-07-24 2012086 08 09 13 15 22 23 08 329,772,984 
2012-07-22 2012085 05 17 24 30 31 33 05 365,440,332 
2012-07-19 2012084 02 10 20 26 28 29 14 340,543,862 
2012-07-17 2012083 04 09 14 15 26 33 04 337,785,246 
2012-07-15 2012082 02 04 11 18 22 29 06 376,633,434 
2012-07-12 2012081 02 05 10 24 25 29 06 335,807,634 
2012-07-10 2012080 04 09 14 15 16 27 03 333,462,942 
2012-07-08 2012079 06 07 12 24 30 33 12 373,462,380 
2012-07-05 2012078 08 15 22 24 28 33 12 339,534,852 
2012-07-03 2012077 02 04 13 18 26 28 12 337,698,126 
2012-07-01 2012076 11 18 22 27 29 30 15 379,484,266 
2012-06-28 2012075 04 06 22 23 29 32 11 351,962,062 
2012-06-26 2012074 15 16 18 19 28 32 08 354,427,342 
2012-06-24 2012073 04 07 09 10 17 27 05 383,664,428 
2012-06-21 2012072 02 03 07 09 13 30 06 349,310,588 
2012-06-19 2012071 03 04 19 21 22 23 08 359,591,294 
2012-06-17 2012070 02 03 04 24 31 32 11 403,726,842 
2012-06-14 2012069 08 10 11 18 20 29 06 363,763,394 
2012-06-12 2012068 05 17 22 26 32 33 10 379,754,544 
2012-06-10 2012067 04 05 10 21 26 30 16 415,404,644 
2012-06-07 2012066 01 02 09 26 29 33 12 389,067,662 
2012-06-05 2012065 08 10 18 19 27 31 14 396,002,414 
2012-06-03 2012064 05 10 11 16 23 24 11 444,563,890 
2012-05-31 2012063 02 10 17 19 24 27 12 420,166,696 
2012-05-29 2012062 02 13 16 17 20 31 07 422,402,826 
2012-05-27 2012061 03 08 11 12 14 18 14 451,440,342 
2012-05-24 2012060 07 10 13 16 17 29 01 394,479,944 
2012-05-22 2012059 04 13 21 22 26 31 01 389,786,618 
2012-05-20 2012058 03 06 15 20 25 26 04 416,752,864 
2012-05-17 2012057 03 05 19 21 27 31 04 367,753,954 
2012-05-15 2012056 04 07 14 17 26 31 10 363,402,618 
2012-05-13 2012055 04 06 13 20 24 28 01 396,120,110 
2012-05-10 2012054 06 14 18 20 30 33 14 356,190,234 
2012-05-08 2012053 04 15 22 25 27 33 04 342,378,036 
2012-05-06 2012052 02 03 05 06 20 24 04 383,696,656 
2012-05-03 2012051 02 12 14 17 30 31 09 340,256,786 
2012-05-01 2012050 07 13 15 17 19 24 11 319,513,602 
2012-04-29 2012049 04 12 13 19 20 32 02 370,994,838 
2012-04-26 2012048 01 05 14 22 24 30 10 352,087,342 
2012-04-24 2012047 06 07 11 16 32 33 11 346,381,150 
2012-04-22 2012046 04 12 19 20 23 33 06 391,900,112 
2012-04-19 2012045 08 11 20 21 27 30 09 356,502,588 
2012-04-17 2012044 06 09 10 14 22 25 03 356,462,184 
2012-04-15 2012043 02 09 11 21 26 33 03 394,668,460 
2012-04-12 2012042 05 06 11 19 24 28 16 353,943,408 
2012-04-10 2012041 08 11 15 20 24 32 02 356,306,648 
2012-04-08 2012040 03 08 09 22 25 31 10 391,299,304 
2012-04-05 2012039 01 02 05 13 22 29 08 343,264,490 
2012-04-03 2012038 09 10 11 15 19 33 16 323,004,056 
2012-04-01 2012037 05 14 19 24 28 33 09 393,044,730 
2012-03-29 2012036 02 11 13 18 19 26 09 360,667,728 
2012-03-27 2012035 09 11 12 21 24 26 05 358,931,126 
2012-03-25 2012034 02 03 08 23 32 33 16 399,671,360 
2012-03-22 2012033 02 03 15 16 17 27 04 367,684,820 
2012-03-20 2012032 01 02 10 17 22 24 04 364,723,646 
2012-03-18 2012031 04 16 22 24 27 31 03 405,489,418 
2012-03-15 2012030 09 10 17 18 21 31 08 360,021,696 
2012-03-13 2012029 04 07 15 25 26 28 03 363,574,384 
2012-03-11 2012028 10 15 20 21 28 30 11 408,320,996 
2012-03-08 2012027 04 16 22 25 30 31 12 367,033,234 
2012-03-06 2012026 03 07 09 15 24 25 16 364,748,574 
2012-03-04 2012025 03 08 09 17 25 27 06 403,316,356 
2012-03-01 2012024 04 12 19 21 25 28 13 364,173,592 
2012-02-28 2012023 05 09 15 23 24 33 02 365,582,932 
2012-02-26 2012022 04 08 12 24 26 27 04 397,040,802 
2012-02-23 2012021 01 15 16 18 22 30 03 367,729,098 
2012-02-21 2012020 03 08 12 18 23 29 11 363,324,150 
2012-02-19 2012019 07 14 18 20 22 30 16 400,412,500 
2012-02-16 2012018 03 05 06 22 26 32 15 361,743,346 
2012-02-14 2012017 06 09 14 19 25 28 10 360,962,760 
2012-02-12 2012016 02 05 12 17 22 25 08 391,806,944 
2012-02-09 2012015 01 03 06 10 21 23 15 344,966,404 
2012-02-07 2012014 01 02 05 16 28 30 12 332,394,836 
2012-02-05 2012013 06 08 24 29 30 32 13 382,213,084 
2012-02-02 2012012 15 17 18 20 23 27 01 330,682,334 
2012-01-31 2012011 04 14 15 16 20 26 05 322,471,622 
2012-01-29 2012010 01 03 13 19 25 26 10 350,707,306 
2012-01-19 2012009 04 16 24 26 27 33 11 371,864,904 
2012-01-17 2012008 01 12 20 23 24 29 08 349,794,196 
2012-01-15 2012007 10 17 19 27 28 32 04 386,798,560 
2012-01-12 2012006 02 22 25 29 32 33 08 365,269,490 
2012-01-10 2012005 07 09 18 27 31 33 06 373,157,878 
2012-01-08 2012004 01 05 10 11 21 23 16 422,246,096 
2012-01-05 2012003 03 06 08 24 29 31 09 376,556,854 
2012-01-03 2012002 02 03 07 09 10 32 13 369,663,804 
2012-01-01 2012001 01 04 05 09 15 17 06 433,902,388 
2011-12-29 2011153 05 08 09 10 20 25 13 403,874,136 
2011-12-27 2011152 04 10 11 12 21 26 13 394,544,922 
2011-12-25 2011151 07 11 16 19 31 33 10 428,101,842 
2011-12-22 2011150 08 10 12 15 22 27 13 385,439,474 
2011-12-20 2011149 04 05 06 07 23 31 16 365,612,730 
2011-12-18 2011148 05 14 22 23 25 26 14 403,588,782 
2011-12-15 2011147 04 08 12 17 18 30 10 369,715,120 
2011-12-13 2011146 11 23 26 28 32 33 10 367,466,864 
2011-12-11 2011145 02 04 14 15 26 30 04 399,835,362 
2011-12-08 2011144 01 02 09 10 16 24 03 365,097,322 
2011-12-06 2011143 07 08 12 14 15 30 16 359,074,808 
2011-12-04 2011142 12 15 16 26 29 31 02 395,266,644 
2011-12-01 2011141 02 04 06 19 24 29 11 353,185,652 
2011-11-29 2011140 04 18 20 22 27 29 06 349,582,200 
2011-11-27 2011139 08 20 24 27 30 31 03 387,797,344 
2011-11-24 2011138 01 05 15 24 28 32 07 348,154,674 
2011-11-22 2011137 02 11 18 23 30 33 13 340,607,254 
2011-11-20 2011136 02 04 06 20 22 31 07 375,968,636 
2011-11-17 2011135 12 13 17 20 25 26 12 335,103,670 
2011-11-15 2011134 01 02 06 07 30 31 10 337,761,116 
2011-11-13 2011133 12 14 20 21 25 31 16 376,474,284 
2011-11-10 2011132 02 05 12 13 25 33 07 340,242,582 
2011-11-08 2011131 02 07 09 17 21 25 01 329,212,830 
2011-11-06 2011130 07 14 18 23 25 32 15 368,707,538 
2011-11-03 2011129 07 10 11 21 23 26 06 336,342,794 
2011-11-01 2011128 09 11 14 17 19 23 12 330,310,278 
2011-10-30 2011127 16 19 22 23 27 29 11 366,718,126 
2011-10-27 2011126 03 07 13 18 23 26 16 329,809,254 
2011-10-25 2011125 03 10 15 24 27 32 08 322,501,850 
2011-10-23 2011124 09 18 19 26 31 32 16 356,985,192 
2011-10-20 2011123 01 04 05 14 19 28 16 329,433,846 
2011-10-18 2011122 10 12 18 26 27 31 03 307,852,112 
2011-10-16 2011121 04 14 22 25 32 33 02 342,602,202 
2011-10-13 2011120 04 14 17 28 30 33 07 307,300,204 
2011-10-11 2011119 09 12 14 19 28 32 01 310,270,074 
2011-10-09 2011118 05 06 11 14 20 21 10 346,558,714 
2011-10-06 2011117 08 10 19 26 28 30 04 284,670,324 
2011-10-04 2011116 01 07 11 12 17 27 05 270,660,014 
2011-10-02 2011115 07 08 09 12 17 33 16 306,169,962 
2011-09-29 2011114 01 14 15 16 30 32 09 297,745,236 
2011-09-27 2011113 06 10 11 25 32 33 05 301,463,604 
2011-09-25 2011112 03 05 16 18 23 24 15 335,373,070 
2011-09-22 2011111 01 03 05 20 25 27 04 301,379,048 
2011-09-20 2011110 12 14 21 26 28 33 12 291,747,572 
2011-09-18 2011109 01 03 09 15 16 33 15 319,837,948 
2011-09-15 2011108 02 17 22 26 29 33 10 282,794,584 
2011-09-13 2011107 04 09 16 17 22 29 15 287,460,888 
2011-09-11 2011106 02 11 12 14 24 32 14 313,930,786 
2011-09-08 2011105 04 06 23 25 27 28 01 292,666,602 
2011-09-06 2011104 09 10 16 20 25 29 09 300,386,562 
2011-09-04 2011103 04 05 10 13 15 16 12 334,043,508 
2011-09-01 2011102 01 05 13 21 27 31 11 303,886,824 
2011-08-30 2011101 06 10 19 23 29 31 06 295,906,364 
2011-08-28 2011100 07 11 21 23 31 32 05 323,046,340 
2011-08-25 2011099 10 12 13 21 26 27 14 287,051,218 
2011-08-23 2011098 03 07 20 21 22 32 05 283,485,974 
2011-08-21 2011097 09 17 19 20 21 26 16 323,418,670 
2011-08-18 2011096 01 04 07 13 14 19 15 288,032,952 
2011-08-16 2011095 03 07 08 10 23 24 05 293,229,282 
2011-08-14 2011094 09 11 12 17 18 19 05 329,858,052 
2011-08-11 2011093 04 07 11 13 23 30 09 300,330,150 
2011-08-09 2011092 05 10 17 26 31 32 04 296,160,020 
2011-08-07 2011091 09 15 21 23 28 30 03 330,377,834 
2011-08-04 2011090 02 05 14 18 21 25 16 302,158,754 
2011-08-02 2011089 01 02 11 24 29 30 12 299,010,020 
2011-07-31 2011088 03 09 17 20 21 29 04 327,675,114 
2011-07-28 2011087 02 03 04 05 18 28 01 296,896,504 
2011-07-26 2011086 06 07 09 12 17 24 09 334,074,814 
2011-07-24 2011085 03 06 11 21 24 31 10 371,696,466 
2011-07-21 2011084 09 10 12 16 18 32 15 348,473,896 
2011-07-19 2011083 07 16 18 24 28 29 06 346,077,740 
2011-07-17 2011082 07 16 17 20 25 26 04 388,800,864 
2011-07-14 2011081 06 14 19 23 25 32 12 347,690,264 
2011-07-12 2011080 02 07 09 25 31 32 09 348,447,154 
2011-07-10 2011079 03 14 15 16 24 29 05 391,447,400 
2011-07-07 2011078 03 05 13 20 22 29 09 365,761,038 
2011-07-05 2011077 01 07 08 15 26 29 10 366,916,974 
2011-07-03 2011076 06 19 21 26 32 33 13 382,839,880 
2011-06-30 2011075 07 09 10 12 31 32 13 343,341,640 
2011-06-28 2011074 02 21 26 28 29 32 01 344,333,482 
2011-06-26 2011073 03 04 05 12 17 21 14 362,922,526 
2011-06-23 2011072 01 06 10 11 18 27 12 313,897,806 
2011-06-21 2011071 01 02 15 22 28 30 02 310,534,104 
2011-06-19 2011070 01 03 05 12 21 28 12 342,264,942 
2011-06-16 2011069 02 13 16 18 24 30 12 308,628,372 
2011-06-14 2011068 03 07 10 15 19 24 10 296,012,586 
2011-06-12 2011067 17 19 20 24 25 27 12 321,776,484 
2011-06-09 2011066 04 06 14 17 30 32 12 284,641,290 
2011-06-07 2011065 04 16 23 25 27 29 03 276,483,886 
2011-06-05 2011064 03 06 07 29 30 33 02 308,305,132 
2011-06-02 2011063 04 06 13 15 18 19 05 286,784,814 
2011-05-31 2011062 04 08 09 10 29 30 03 292,576,106 
2011-05-29 2011061 02 03 08 13 19 21 03 329,490,066 
2011-05-26 2011060 10 11 13 21 27 31 01 294,946,664 
2011-05-24 2011059 24 26 27 29 31 33 16 297,661,236 
2011-05-22 2011058 07 18 22 30 32 33 06 321,880,622 
2011-05-19 2011057 04 06 20 21 26 33 02 293,874,448 
2011-05-17 2011056 13 16 19 20 23 25 10 294,519,332 
2011-05-15 2011055 08 13 16 17 29 32 16 323,409,932 
2011-05-12 2011054 08 11 16 17 22 33 08 290,127,160 
2011-05-10 2011053 03 06 10 12 22 30 15 282,819,042 
2011-05-08 2011052 04 05 08 19 27 28 08 314,222,356 
2011-05-05 2011051 01 07 11 14 15 16 14 289,337,386 
2011-05-03 2011050 04 05 19 22 28 29 15 276,013,398 
2011-05-01 2011049 01 11 17 18 27 31 14 298,097,446 
2011-04-28 2011048 10 14 18 25 26 27 15 280,257,800 
2011-04-26 2011047 04 13 23 25 27 33 14 278,338,352 
2011-04-24 2011046 09 17 18 26 29 30 08 322,849,314 
2011-04-21 2011045 02 16 17 20 26 32 08 296,409,720 
2011-04-19 2011044 03 14 16 26 27 31 09 289,688,506 
2011-04-17 2011043 04 13 14 17 25 31 04 358,996,258 
2011-04-14 2011042 05 13 15 17 19 21 15 321,302,904 
2011-04-12 2011041 04 10 12 13 30 32 13 308,500,156 
2011-04-10 2011040 05 11 14 24 26 28 13 345,011,574 
2011-04-07 2011039 03 07 10 16 24 29 13 311,094,814 
2011-04-05 2011038 02 14 15 19 23 24 12 289,140,916 
2011-04-03 2011037 01 03 04 06 17 25 11 330,231,608 
2011-03-31 2011036 02 11 20 22 24 31 05 315,826,494 
2011-03-29 2011035 13 14 18 20 27 31 02 311,694,488 
2011-03-27 2011034 13 14 17 19 24 31 08 345,909,126 
2011-03-24 2011033 02 08 12 13 19 29 04 307,522,678 
2011-03-22 2011032 03 05 07 13 14 15 15 302,968,920 
2011-03-20 2011031 16 17 24 28 29 32 12 336,612,714 
2011-03-17 2011030 02 09 19 24 25 33 10 304,099,208 
2011-03-15 2011029 01 04 09 10 20 31 07 298,361,906 
2011-03-13 2011028 01 04 05 14 16 17 01 341,754,088 
2011-03-10 2011027 13 18 21 22 25 26 01 304,417,422 
2011-03-08 2011026 07 08 17 19 21 26 12 301,792,690 
2011-03-06 2011025 08 25 26 31 32 33 09 335,345,846 
2011-03-03 2011024 05 07 10 19 26 31 14 293,532,026 
2011-03-01 2011023 02 03 06 21 22 25 05 280,592,202 
2011-02-27 2011022 02 07 14 16 17 21 05 317,202,954 
2011-02-24 2011021 01 02 14 18 25 31 08 287,463,484 
2011-02-22 2011020 12 16 17 19 24 30 05 278,341,148 
2011-02-20 2011019 02 04 12 19 32 33 16 309,122,016 
2011-02-17 2011018 13 15 18 28 30 33 01 273,159,286 
2011-02-15 2011017 02 06 15 23 26 33 08 258,279,824 
2011-02-13 2011016 03 04 16 17 22 29 13 282,026,694 
2011-02-10 2011015 03 06 13 26 27 29 07 254,777,566 
2011-02-01 2011014 05 07 10 11 23 26 16 264,496,608 
2011-01-30 2011013 01 03 13 16 21 22 08 288,823,754 
2011-01-27 2011012 07 08 11 13 15 26 13 260,393,668 
2011-01-25 2011011 01 12 18 19 21 24 10 255,418,250 
2011-01-23 2011010 01 04 05 09 15 19 13 286,472,328 
2011-01-20 2011009 17 18 23 24 25 26 04 264,626,108 
2011-01-18 2011008 10 12 13 17 24 31 15 259,069,374 
2011-01-16 2011007 01 09 17 24 26 31 05 292,948,810 
2011-01-13 2011006 01 03 05 13 16 18 05 265,273,552 
2011-01-11 2011005 06 09 12 14 20 22 13 258,389,670 
2011-01-09 2011004 04 06 08 10 13 26 05 283,728,968 
2011-01-06 2011003 13 14 21 22 23 27 04 272,943,652 
2011-01-04 2011002 06 08 12 17 28 33 05 270,533,954 
2011-01-02 2011001 03 09 20 24 26 32 10 290,720,992 
2010-12-30 2010153 03 06 12 19 30 31 13 287,732,956 
2010-12-28 2010152 04 09 17 21 25 31 01 283,747,722 
2010-12-26 2010151 02 13 14 17 19 26 14 315,507,700 
2010-12-23 2010150 02 17 18 23 29 30 06 287,200,078 
2010-12-21 2010149 02 07 08 16 25 30 09 300,479,738 
2010-12-19 2010148 01 03 07 18 23 27 12 338,741,658 
2010-12-16 2010147 02 08 15 18 24 30 03 295,337,382 
2010-12-14 2010146 01 17 18 22 25 32 01 300,076,660 
2010-12-12 2010145 03 21 24 27 28 31 08 326,191,770 
2010-12-09 2010144 02 03 08 15 19 21 11 301,323,048 
2010-12-07 2010143 09 16 18 26 30 31 14 298,251,128 
2010-12-05 2010142 02 16 18 23 26 27 10 330,364,770 
2010-12-02 2010141 02 03 07 18 23 27 06 297,319,014 
2010-11-30 2010140 01 12 13 18 26 29 15 296,121,968 
2010-11-28 2010139 11 13 18 20 26 31 09 319,407,618 
2010-11-25 2010138 01 21 23 24 26 30 05 280,036,566 
2010-11-23 2010137 07 09 10 13 19 33 06 275,941,138 
2010-11-21 2010136 04 10 23 24 26 33 10 305,525,370 
2010-11-18 2010135 04 10 13 25 26 30 10 279,317,018 
2010-11-16 2010134 09 15 16 22 27 28 06 274,898,772 
2010-11-14 2010133 03 09 17 21 26 32 01 302,743,538 
2010-11-11 2010132 02 10 12 18 24 33 15 277,931,070 
2010-11-09 2010131 05 06 15 16 19 26 06 275,057,550 
2010-11-07 2010130 01 02 07 15 21 31 16 301,606,730 
2010-11-04 2010129 04 08 14 25 28 32 16 263,068,470 
2010-11-02 2010128 04 11 19 20 24 28 12 264,631,266 
2010-10-31 2010127 01 04 08 17 25 33 01 308,473,622 
2010-10-28 2010126 03 13 18 20 27 28 05 272,220,524 
2010-10-26 2010125 06 07 13 23 28 29 09 266,084,300 
2010-10-24 2010124 02 06 08 11 12 25 02 303,307,488 
2010-10-21 2010123 06 12 15 18 29 32 10 278,792,718 
2010-10-19 2010122 02 09 12 16 25 27 06 270,548,316 
2010-10-17 2010121 08 11 13 18 25 30 15 288,389,490 
2010-10-14 2010120 01 02 05 06 10 29 16 260,841,502 
2010-10-12 2010119 07 17 25 27 30 31 09 260,972,766 
2010-10-10 2010118 05 08 11 13 15 25 05 278,863,970 
2010-10-07 2010117 01 08 20 22 24 28 01 232,007,386 
2010-10-05 2010116 05 09 10 20 22 26 07 236,885,436 
2010-10-03 2010115 01 22 24 25 29 33 15 254,889,502 
2010-09-30 2010114 01 08 11 15 17 25 01 249,642,432 
2010-09-28 2010113 05 10 15 18 20 28 10 245,484,314 
2010-09-26 2010112 01 08 18 24 29 30 16 276,435,492 
2010-09-23 2010111 04 07 08 13 17 18 10 223,004,690 
2010-09-21 2010110 01 03 12 24 26 27 01 230,609,584 
2010-09-19 2010109 04 15 18 25 29 32 15 270,100,048 
2010-09-16 2010108 02 04 08 20 23 24 07 240,681,452 
2010-09-14 2010107 08 12 15 17 22 33 16 237,514,142 
2010-09-12 2010106 02 06 08 15 26 29 16 263,785,876 
2010-09-09 2010105 01 08 09 19 21 31 11 244,881,210 
2010-09-07 2010104 07 17 23 24 27 32 02 248,944,388 
2010-09-05 2010103 06 09 14 17 20 33 09 278,768,450 
2010-09-02 2010102 04 11 16 20 22 29 10 243,505,778 
2010-08-31 2010101 04 09 18 21 25 26 06 245,688,390 
2010-08-29 2010100 01 06 12 22 23 26 08 271,091,664 
2010-08-26 2010099 03 04 17 24 27 30 06 240,688,192 
2010-08-24 2010098 01 03 08 16 29 33 07 235,404,960 
2010-08-22 2010097 10 16 18 21 24 26 01 263,433,286 
2010-08-19 2010096 07 12 21 23 24 28 03 235,984,000 
2010-08-17 2010095 09 11 16 17 25 27 14 226,093,634 
2010-08-15 2010094 03 05 07 27 31 32 10 250,015,372 
2010-08-12 2010093 09 10 19 28 32 33 06 214,376,608 
2010-08-10 2010092 03 13 19 27 28 30 02 235,395,046 
2010-08-08 2010091 06 13 16 20 22 24 16 266,211,592 
2010-08-05 2010090 01 06 10 15 25 31 14 232,731,512 
2010-08-03 2010089 07 08 09 16 23 26 01 239,719,796 
2010-08-01 2010088 05 06 15 23 27 30 12 264,168,238 
2010-07-29 2010087 01 08 16 17 25 30 10 235,879,868 
2010-07-27 2010086 05 21 28 29 30 31 08 243,138,962 
2010-07-25 2010085 01 08 12 13 24 27 08 275,602,494 
2010-07-22 2010084 02 10 14 18 20 30 03 243,838,210 
2010-07-20 2010083 02 20 21 22 23 31 12 239,182,242 
2010-07-18 2010082 01 08 13 14 27 31 02 266,766,152 
2010-07-15 2010081 02 03 09 24 26 27 05 242,647,146 
2010-07-13 2010080 08 10 13 14 16 23 16 241,525,992 
2010-07-11 2010079 08 11 12 14 18 22 02 269,970,928 
2010-07-08 2010078 01 03 09 11 17 23 12 240,635,560 
2010-07-06 2010077 02 08 14 20 21 24 09 233,330,914 
2010-07-04 2010076 01 12 14 29 31 32 15 249,655,268 
2010-07-01 2010075 05 09 12 13 15 22 14 229,619,238 
2010-06-29 2010074 02 10 17 18 19 29 15 236,056,644 
2010-06-27 2010073 01 16 20 23 27 31 02 263,364,832 
2010-06-24 2010072 06 08 22 23 30 31 01 235,231,488 
2010-06-22 2010071 05 13 14 17 20 26 01 232,948,886 
2010-06-20 2010070 08 13 23 27 31 33 07 254,342,696 
2010-06-17 2010069 12 14 20 22 24 32 11 225,582,108 
2010-06-15 2010068 03 13 18 20 23 28 13 215,863,382 
2010-06-13 2010067 01 07 10 14 21 25 01 258,825,118 
2010-06-10 2010066 01 03 21 22 31 32 07 237,425,002 
2010-06-08 2010065 02 07 08 17 30 32 12 234,372,332 
2010-06-06 2010064 08 14 25 26 30 31 11 259,371,022 
2010-06-03 2010063 02 06 10 17 23 24 03 236,083,458 
2010-06-01 2010062 11 13 15 20 31 33 03 235,535,320 
2010-05-30 2010061 02 04 16 19 22 26 12 261,848,018 
2010-05-27 2010060 01 08 15 18 22 27 09 239,669,684 
2010-05-25 2010059 01 09 11 12 18 30 10 232,718,404 
2010-05-23 2010058 01 04 11 17 19 29 12 258,079,782 
2010-05-20 2010057 05 11 12 19 25 32 05 241,998,022 
2010-05-18 2010056 01 02 03 08 13 32 07 243,521,976 
2010-05-16 2010055 02 03 13 19 20 23 08 265,950,816 
2010-05-13 2010054 01 06 08 12 14 25 06 240,532,550 
2010-05-11 2010053 03 22 24 27 28 30 14 233,188,676 
2010-05-09 2010052 01 02 19 23 27 29 10 254,114,154 
2010-05-06 2010051 04 17 23 27 28 32 03 229,638,378 
2010-05-04 2010050 07 21 22 26 28 30 11 217,484,954 
2010-05-02 2010049 01 06 10 26 27 28 02 238,207,928 
2010-04-29 2010048 01 06 08 10 23 33 02 227,901,710 
2010-04-27 2010047 03 10 13 20 21 32 15 230,736,816 
2010-04-25 2010046 11 12 21 23 27 32 05 257,876,882 
2010-04-22 2010045 02 03 04 13 20 29 01 235,205,392 
2010-04-20 2010044 03 09 21 23 27 31 05 237,978,418 
2010-04-18 2010043 04 10 19 22 28 33 04 265,889,144 
2010-04-15 2010042 03 06 11 20 31 32 10 231,323,160 
2010-04-13 2010041 03 05 13 19 25 29 12 232,591,320 
2010-04-11 2010040 12 19 24 25 30 32 11 257,165,686 
2010-04-08 2010039 08 17 21 23 25 32 12 226,833,664 
2010-04-06 2010038 01 06 07 11 13 16 01 226,161,590 
2010-04-04 2010037 03 16 19 21 24 26 06 247,240,280 
2010-04-01 2010036 06 13 14 28 29 30 08 229,557,916 
2010-03-30 2010035 09 10 11 18 19 21 10 228,911,294 
2010-03-28 2010034 06 11 13 22 25 32 12 252,670,562 
2010-03-25 2010033 08 10 11 12 25 29 09 224,347,302 
2010-03-23 2010032 08 18 21 28 29 33 08 236,489,598 
2010-03-21 2010031 05 07 13 24 25 28 04 267,151,062 
2010-03-18 2010030 03 06 10 16 25 31 05 239,533,728 
2010-03-16 2010029 01 05 14 16 17 22 03 236,373,590 
2010-03-14 2010028 01 03 06 12 16 32 12 256,691,698 
2010-03-11 2010027 03 04 15 25 26 30 13 234,693,930 
2010-03-09 2010026 02 04 05 08 19 22 12 220,382,336 
2010-03-07 2010025 04 05 07 10 13 25 11 248,648,212 
2010-03-04 2010024 07 16 26 27 29 31 14 224,928,938 
2010-03-02 2010023 02 09 11 22 24 27 11 220,109,148 
2010-02-28 2010022 01 02 18 29 31 32 02 245,991,044 
2010-02-25 2010021 02 09 16 17 19 25 04 217,152,080 
2010-02-23 2010020 05 06 14 22 24 26 09 215,066,270 
2010-02-21 2010019 02 10 22 24 26 27 06 234,815,252 
2010-02-11 2010018 11 28 29 30 32 33 02 229,188,092 
2010-02-09 2010017 01 03 06 11 12 23 11 221,450,104 
2010-02-07 2010016 02 08 10 12 30 33 16 254,137,478 
2010-02-04 2010015 01 04 16 21 23 28 06 228,269,280 
2010-02-02 2010014 01 03 07 14 26 28 02 225,210,868 
2010-01-31 2010013 01 02 03 16 18 23 12 263,984,534 
2010-01-28 2010012 02 08 13 14 25 33 10 242,397,004 
2010-01-26 2010011 07 08 14 22 24 30 07 241,790,928 
2010-01-24 2010010 07 08 12 15 22 26 08 268,314,736 
2010-01-21 2010009 01 09 13 21 24 32 06 243,000,026 
2010-01-19 2010008 05 07 13 15 18 30 14 244,041,538 
2010-01-17 2010007 14 22 27 28 30 33 14 273,993,220 
2010-01-14 2010006 03 05 07 13 14 18 05 245,619,296 
2010-01-12 2010005 03 05 06 08 17 18 14 239,722,776 
2010-01-10 2010004 01 12 13 16 23 28 07 262,213,890 
2010-01-07 2010003 14 22 26 27 28 31 04 236,297,494 
2010-01-05 2010002 03 06 07 23 30 33 13 230,644,990 
2010-01-03 2010001 07 17 18 27 29 32 13 260,561,792 
2009-12-31 2009154 01 07 12 14 18 25 16 250,550,710 
2009-12-29 2009153 06 07 08 20 21 25 10 238,623,826 
2009-12-27 2009152 03 04 19 21 27 28 05 262,814,730 
2009-12-24 2009151 06 08 10 16 25 30 14 242,662,946 
2009-12-22 2009150 04 06 07 16 19 20 04 240,949,072 
2009-12-20 2009149 01 03 16 18 22 29 04 260,445,758 
2009-12-17 2009148 06 12 15 22 29 32 10 234,965,094 
2009-12-15 2009147 06 08 10 18 22 32 16 229,746,022 
2009-12-13 2009146 03 09 16 20 22 33 15 265,187,498 
2009-12-10 2009145 03 05 11 15 26 33 11 238,886,876 
2009-12-08 2009144 01 05 10 17 18 29 12 234,614,110 
2009-12-06 2009143 05 09 11 17 23 28 10 266,083,890 
2009-12-03 2009142 07 11 15 19 20 24 13 240,043,572 
2009-12-01 2009141 02 13 21 28 29 31 09 237,668,962 
2009-11-29 2009140 04 05 11 18 22 33 12 257,453,092 
2009-11-26 2009139 01 05 15 17 27 29 02 235,679,662 
2009-11-24 2009138 04 07 14 26 32 33 14 229,193,984 
2009-11-22 2009137 08 12 14 15 17 21 01 250,971,196 
2009-11-19 2009136 01 04 14 22 30 33 01 222,662,662 
2009-11-17 2009135 01 03 14 19 30 33 16 218,222,340 
2009-11-15 2009134 03 05 12 15 28 33 06 246,133,544 
2009-11-12 2009133 05 09 13 18 20 32 01 219,891,024 
2009-11-10 2009132 04 14 15 21 23 30 07 227,359,216 
2009-11-08 2009131 16 23 25 26 32 33 05 265,379,234 
2009-11-05 2009130 02 03 07 12 13 30 11 235,462,772 
2009-11-03 2009129 06 07 16 17 24 25 07 231,824,092 
2009-11-01 2009128 05 08 15 16 26 32 01 261,066,840 
2009-10-29 2009127 02 11 12 14 15 16 04 243,177,980 
2009-10-27 2009126 03 05 06 10 19 23 15 235,506,694 
2009-10-25 2009125 06 07 08 22 26 27 12 262,970,658 
2009-10-22 2009124 03 04 22 23 28 30 10 249,561,480 
2009-10-20 2009123 09 13 20 22 25 28 14 237,742,194 
2009-10-18 2009122 07 14 16 27 29 32 01 266,208,716 
2009-10-15 2009121 02 04 06 10 25 30 09 239,496,416 
2009-10-13 2009120 01 02 08 12 16 30 16 222,194,270 
2009-10-11 2009119 06 07 10 12 15 21 05 232,178,172 
2009-10-08 2009118 12 16 25 26 27 31 05 215,790,310 
2009-10-06 2009117 05 09 15 21 26 31 13 202,883,414 
2009-10-04 2009116 05 17 21 25 27 32 14 221,054,568 
2009-10-01 2009115 02 09 13 15 19 24 03 198,302,256 
2009-09-29 2009114 03 05 11 12 31 32 11 222,577,144 
2009-09-27 2009113 04 12 20 25 28 29 16 250,863,766 
2009-09-24 2009112 06 07 18 24 30 32 09 227,610,064 
2009-09-22 2009111 02 04 07 14 15 25 15 224,881,094 
2009-09-20 2009110 04 10 13 15 19 30 14 245,158,100 
2009-09-17 2009109 05 06 07 14 25 28 01 220,168,836 
2009-09-15 2009108 04 10 17 28 32 33 02 215,736,244 
2009-09-13 2009107 07 08 20 23 28 29 05 239,917,960 
2009-09-10 2009106 01 02 15 18 20 29 04 218,443,162 
2009-09-08 2009105 02 08 10 16 27 30 15 208,614,594 
2009-09-06 2009104 20 32 30 29 22 26 16 233,718,766 
2009-09-03 2009103 24 23 11 20 17 06 09 215,101,390 
2009-09-01 2009102 07 31 05 14 08 03 10 211,207,990 
2009-08-30 2009101 01 10 24 02 05 19 14 235,272,092 
2009-08-27 2009100 30 11 02 17 27 33 11 213,445,814 
2009-08-25 2009099 25 20 08 18 09 29 09 215,841,514 
2009-08-23 2009098 23 15 30 14 20 03 02 234,823,318 
2009-08-20 2009097 28 13 32 26 24 07 14 209,714,238 
2009-08-18 2009096 26 32 33 01 31 27 03 209,639,476 
2009-08-16 2009095 14 28 33 09 08 31 15 226,862,140 
2009-08-13 2009094 03 16 22 33 25 26 14 207,069,924 
2009-08-11 2009093 32 01 20 33 31 11 01 209,331,254 
2009-08-09 2009092 14 31 06 02 07 18 08 233,413,914 
2009-08-06 2009091 14 08 25 11 03 29 04 211,875,120 
2009-08-04 2009090 07 09 14 20 23 30 14 206,728,590 
2009-08-02 2009089 02 03 07 11 19 32 04 230,854,186 
2009-07-30 2009088 04 07 11 15 16 17 02 204,688,536 
2009-07-28 2009087 06 11 13 20 28 32 06 201,493,798 
2009-07-26 2009086 32 12 23 18 11 13 11 222,559,596 
2009-07-23 2009085 04 08 12 17 20 30 03 201,602,548 
2009-07-21 2009084 04 09 11 20 32 33 13 198,945,272 
2009-07-19 2009083 02 08 12 18 24 28 04 219,733,470 
2009-07-16 2009082 15 11 18 21 27 29 02 200,877,058 
2009-07-14 2009081 04 05 06 25 29 30 03 198,933,210 
2009-07-12 2009080 25 32 13 33 01 11 06 220,533,638 
2009-07-09 2009079 02 09 16 21 30 31 13 200,470,322 
2009-07-07 2009078 05 07 12 14 15 20 13 196,218,272 
2009-07-05 2009077 32 01 09 14 28 16 16 216,463,266 
2009-07-02 2009076 09 18 19 25 28 31 06 202,715,574 
2009-06-30 2009075 13 20 01 30 17 15 05 198,114,500 
2009-06-28 2009074 05 10 16 19 23 28 13 223,339,000 
2009-06-25 2009073 09 16 17 18 22 27 14 208,376,662 
2009-06-23 2009072 01 03 12 20 21 29 04 211,601,456 
2009-06-21 2009071 26 04 05 32 31 23 06 231,131,078 
2009-06-18 2009070 01 02 09 10 21 31 10 219,945,468 
2009-06-16 2009069 03 05 12 18 21 23 02 218,479,274 
2009-06-14 2009068 06 11 18 20 25 30 05 241,709,362 
2009-06-11 2009067 04 10 16 23 28 30 05 219,034,212 
2009-06-09 2009066 02 15 19 24 31 32 04 218,893,000 
2009-06-07 2009065 08 12 20 22 30 33 02 242,812,406 
2009-06-04 2009064 01 02 14 23 28 29 15 226,247,318 
2009-06-02 2009063 02 05 11 26 30 32 16 210,071,776 
2009-05-31 2009062 10 19 20 21 23 32 10 239,346,092 
2009-05-28 2009061 10 11 13 16 19 30 03 202,235,730 
2009-05-26 2009060 07 13 17 26 32 33 04 214,031,372 
2009-05-24 2009059 03 07 27 23 30 13 11 236,158,050 
2009-05-21 2009058 05 08 10 15 23 26 09 211,477,696 
2009-05-19 2009057 10 25 07 05 14 17 11 209,587,496 
2009-05-17 2009056 04 09 10 18 29 32 08 232,354,314 
2009-05-14 2009055 03 04 18 22 24 29 11 213,511,884 
2009-05-12 2009054 16 17 23 26 31 32 11 212,918,588 
2009-05-10 2009053 07 12 18 19 22 28 04 231,922,796 
2009-05-07 2009052 09 11 15 19 21 30 08 215,699,408 
2009-05-05 2009051 06 10 13 16 21 23 07 211,832,930 
2009-05-03 2009050 13 21 24 29 30 32 04 223,078,776 
2009-04-30 2009049 09 12 14 20 30 31 06 204,405,802 
2009-04-28 2009048 03 07 11 15 17 31 01 210,372,082 
2009-04-26 2009047 06 08 11 15 21 22 16 236,616,310 
2009-04-23 2009046 16 20 21 26 29 30 09 212,241,096 
2009-04-21 2009045 03 04 06 23 30 32 01 210,992,934 
2009-04-19 2009044 11 14 16 18 26 30 01 229,851,250 
2009-04-16 2009043 04 09 10 15 18 26 07 211,334,106 
2009-04-14 2009042 08 16 22 23 27 30 11 207,877,744 
2009-04-12 2009041 01 08 23 26 28 33 08 229,731,450 
2009-04-09 2009040 04 07 26 10 30 20 12 212,931,272 
2009-04-07 2009039 05 12 14 15 21 27 03 207,130,808 
2009-04-05 2009038 12 13 15 23 28 32 05 229,578,934 
2009-04-02 2009037 02 06 15 18 20 31 03 213,602,348 
2009-03-31 2009036 06 09 18 23 32 33 07 215,060,184 
2009-03-29 2009035 06 15 21 26 29 31 05 236,221,934 
2009-03-26 2009034 09 12 18 21 22 26 07 214,772,934 
2009-03-24 2009033 07 08 13 14 29 30 06 212,148,538 
2009-03-22 2009032 09 12 11 27 32 19 06 231,465,250 
2009-03-19 2009031 01 02 03 15 30 33 01 220,305,014 
2009-03-17 2009030 08 14 24 26 28 32 07 218,775,106 
2009-03-15 2009029 12 13 15 22 23 29 13 243,921,424 
2009-03-12 2009028 03 15 06 23 12 26 10 212,975,332 
2009-03-10 2009027 02 07 11 16 27 32 06 210,676,594 
2009-03-08 2009026 11 15 17 18 20 30 16 232,338,570 
2009-03-05 2009025 20 26 23 22 10 33 11 208,731,366 
2009-03-03 2009024 01 03 17 23 30 33 12 208,357,346 
2009-03-01 2009023 01 06 07 15 24 30 08 229,895,788 
2009-02-26 2009022 05 08 09 10 11 18 08 212,225,776 
2009-02-24 2009021 01 04 05 17 24 27 09 207,029,170 
2009-02-22 2009020 03 05 07 10 19 23 13 231,854,880 
2009-02-19 2009019 26 17 19 27 06 20 04 193,303,346 
2009-02-17 2009018 02 05 06 19 27 30 15 194,471,112 
2009-02-15 2009017 06 14 15 19 25 26 08 214,067,758 
2009-02-12 2009016 13 16 02 07 33 20 03 193,953,514 
2009-02-10 2009015 02 04 06 15 17 32 05 185,426,162 
2009-02-08 2009014 03 06 09 14 15 18 02 209,566,064 
2009-02-05 2009013 04 08 09 21 26 27 09 182,623,460 
2009-02-03 2009012 05 11 14 17 18 28 01 175,832,284 
2009-02-01 2009011 02 04 13 14 18 23 15 189,123,128 
2009-01-22 2009010 03 10 17 19 20 24 02 189,703,670 
2009-01-20 2009009 08 15 21 30 31 33 02 181,279,024 
2009-01-18 2009008 04 15 16 22 32 33 02 207,103,370 
2009-01-15 2009007 01 05 12 23 25 26 15 185,060,730 
2009-01-13 2009006 06 12 18 20 26 33 02 184,731,320 
2009-01-11 2009005 01 03 08 15 17 21 13 213,622,966 
2009-01-08 2009004 03 11 13 17 28 31 03 196,964,008 
2009-01-06 2009003 02 03 06 15 25 30 02 191,963,484 
2009-01-04 2009002 10 14 17 25 29 33 14 214,099,642 
2009-01-01 2009001 04 21 23 24 30 31 04 188,339,912 
2008-12-30 2008154 02 05 07 21 22 26 08 187,460,204 
2008-12-28 2008153 01 04 18 21 24 30 16 203,192,356 
2008-12-25 2008152 01 04 06 22 26 30 08 185,010,624 
2008-12-23 2008151 06 08 10 14 17 19 06 178,836,934 
2008-12-21 2008150 04 19 22 24 29 32 02 199,701,670 
2008-12-18 2008149 10 14 22 28 29 33 02 192,954,686 
2008-12-16 2008148 03 05 09 22 26 28 09 184,713,626 
2008-12-14 2008147 07 08 14 22 26 33 02 201,725,324 
2008-12-11 2008146 07 08 17 19 31 32 10 186,410,548 
2008-12-09 2008145 07 13 18 22 26 29 02 178,220,662 
2008-12-07 2008144 02 05 10 27 29 33 15 194,035,022 
2008-12-04 2008143 12 17 18 19 26 27 06 175,828,406 
2008-12-02 2008142 05 06 10 13 17 28 15 181,220,636 
2008-11-30 2008141 03 13 20 25 29 33 15 198,694,026 
2008-11-27 2008140 07 14 16 29 30 31 14 182,798,276 
2008-11-25 2008139 08 09 19 23 25 26 07 180,577,258 
2008-11-23 2008138 07 14 19 23 25 32 04 197,283,238 
2008-11-20 2008137 01 04 24 28 29 33 09 178,412,318 
2008-11-18 2008136 05 09 10 12 18 28 02 175,281,498 
2008-11-16 2008135 05 14 15 16 19 21 15 199,297,252 
2008-11-13 2008134 10 15 19 20 28 32 02 184,911,938 
2008-11-11 2008133 08 11 16 19 24 26 11 180,872,408 
2008-11-09 2008132 09 13 16 25 27 33 08 196,454,404 
2008-11-06 2008131 02 12 15 18 22 32 08 174,029,788 
2008-11-04 2008130 01 12 18 28 30 32 06 181,993,644 
2008-11-02 2008129 01 03 18 24 25 32 15 197,717,092 
2008-10-30 2008128 01 05 19 20 27 33 05 181,169,198 
2008-10-28 2008127 05 08 19 22 27 30 13 181,580,160 
2008-10-26 2008126 04 11 12 14 20 30 13 198,648,614 
2008-10-23 2008125 10 11 12 15 26 29 09 180,560,840 
2008-10-21 2008124 01 07 10 13 21 22 03 182,202,870 
2008-10-19 2008123 10 11 15 16 25 29 02 200,338,784 
2008-10-16 2008122 02 08 11 14 19 26 15 183,419,190 
2008-10-14 2008121 02 22 23 27 31 32 06 159,325,560 
2008-10-12 2008120 10 11 22 24 26 33 02 177,325,446 
2008-10-09 2008119 05 07 09 15 24 29 07 159,160,812 
2008-10-07 2008118 04 09 16 27 31 33 01 151,771,380 
2008-10-05 2008117 03 05 07 10 14 33 07 159,338,244 
2008-10-02 2008116 03 07 21 22 24 29 14 131,959,380 
2008-09-30 2008115 02 12 13 14 17 18 06 135,827,902 
2008-09-28 2008114 04 09 20 24 25 31 14 164,160,014 
2008-09-25 2008113 06 09 10 12 17 22 09 154,570,240 
2008-09-23 2008112 05 13 14 19 22 23 06 147,917,738 
2008-09-21 2008111 17 18 21 25 31 32 06 165,394,226 
2008-09-18 2008110 10 16 22 23 29 31 02 150,162,970 
2008-09-16 2008109 04 07 09 16 21 28 10 0 
2008-09-14 2008108 09 10 15 17 23 30 12 161,811,898 
2008-09-11 2008107 06 13 18 22 27 32 04 145,917,756 
2008-09-09 2008106 14 19 25 27 29 30 15 145,583,846 
2008-09-07 2008105 05 17 19 27 28 32 02 166,483,810 
2008-09-04 2008104 03 06 08 17 24 31 01 146,186,834 
2008-09-02 2008103 01 12 16 18 22 33 04 145,961,956 
2008-08-31 2008102 03 07 12 21 25 32 05 163,061,174 
2008-08-28 2008101 09 17 21 26 28 30 04 146,389,400 
2008-08-26 2008100 08 14 17 21 27 28 14 143,116,762 
2008-08-24 2008099 10 15 16 22 23 24 07 161,894,814 
2008-08-21 2008098 06 07 10 11 15 30 01 141,788,216 
2008-08-19 2008097 03 06 08 09 16 17 13 139,512,854 
2008-08-17 2008096 06 08 12 24 27 31 14 155,836,508 
2008-08-14 2008095 03 08 14 21 28 29 03 141,671,626 
2008-08-12 2008094 01 04 15 16 23 28 14 138,848,472 
2008-08-10 2008093 04 10 12 16 26 28 07 155,710,670 
2008-08-07 2008092 01 03 18 27 28 30 05 147,648,912 
2008-08-05 2008091 03 12 14 23 31 32 10 144,363,788 
2008-08-03 2008090 02 07 14 18 19 24 01 161,612,270 
2008-07-31 2008089 03 06 11 16 22 27 11 152,919,280 
2008-07-29 2008088 01 06 08 16 17 23 05 145,378,764 
2008-07-27 2008087 01 07 26 29 30 31 06 165,513,430 
2008-07-24 2008086 04 05 10 26 27 30 12 149,218,680 
2008-07-22 2008085 01 04 12 20 24 29 15 147,121,156 
2008-07-20 2008084 04 07 13 20 29 30 16 164,902,436 
2008-07-17 2008083 07 08 09 18 29 32 09 148,998,496 
2008-07-15 2008082 04 08 10 12 21 26 09 145,747,052 
2008-07-13 2008081 02 12 13 18 25 31 04 164,515,530 
2008-07-10 2008080 04 14 22 25 29 32 14 147,833,964 
2008-07-08 2008079 03 04 05 10 20 32 09 146,233,386 
2008-07-06 2008078 06 13 16 26 30 33 01 163,038,372 
2008-07-03 2008077 04 12 22 26 30 33 09 150,267,928 
2008-07-01 2008076 18 11 05 13 07 02 11 149,452,982 
2008-06-29 2008075 18 22 01 14 30 08 03 165,190,272 
2008-06-26 2008074 24 19 15 11 20 01 09 144,760,564 
2008-06-24 2008073 22 13 28 33 09 01 08 145,507,408 
2008-06-22 2008072 18 01 05 22 10 30 09 161,487,324 
2008-06-19 2008071 01 06 21 26 27 28 09 149,342,332 
2008-06-17 2008070 05 06 12 15 18 33 13 143,853,670 
2008-06-15 2008069 08 05 26 17 20 30 10 160,540,160 
2008-06-12 2008068 05 23 29 17 07 27 07 146,064,510 
2008-06-10 2008067 19 11 10 26 33 15 13 139,167,536 
2008-06-08 2008066 07 12 21 22 29 30 08 157,257,472 
2008-06-05 2008065 05 13 15 19 30 31 05 148,339,068 
2008-06-03 2008064 01 02 07 09 12 18 12 142,377,766 
2008-06-01 2008063 05 09 11 14 16 17 15 155,226,836 
2008-05-29 2008062 06 08 13 17 24 27 15 137,719,710 
2008-05-27 2008061 01 02 05 12 26 31 06 133,811,926 
2008-05-25 2008060 06 07 08 17 30 32 03 152,605,692 
2008-05-22 2008059 02 06 15 29 31 32 16 138,178,008 
2008-05-20 2008058 01 12 21 27 29 31 11 133,093,020 
2008-05-18 2008057 19 20 21 26 28 30 08 157,009,320 
2008-05-15 2008056 08 13 22 23 25 30 07 143,711,520 
2008-05-13 2008055 11 16 19 23 26 31 04 140,054,516 
2008-05-11 2008054 02 06 16 17 20 25 07 166,384,318 
2008-05-08 2008053 06 12 19 20 21 27 04 150,163,792 
2008-05-06 2008052 02 10 17 23 29 31 10 150,880,684 
2008-05-04 2008051 01 04 08 10 13 33 11 168,795,820 
2008-05-01 2008050 01 11 19 24 26 27 03 143,428,932 
2008-04-29 2008049 03 10 12 13 19 25 04 156,554,264 
2008-04-27 2008048 11 18 21 27 30 32 01 177,125,564 
2008-04-24 2008047 09 12 13 14 20 22 10 159,224,658 
2008-04-22 2008046 15 16 18 24 28 33 15 154,575,398 
2008-04-20 2008045 01 10 13 21 29 32 04 166,853,172 
2008-04-17 2008044 05 07 09 20 26 29 09 154,045,626 
2008-04-15 2008043 03 10 16 22 27 33 14 152,620,756 
2008-04-13 2008042 03 04 09 11 12 24 01 172,844,294 
2008-04-10 2008041 08 11 20 22 23 27 04 153,107,854 
2008-04-08 2008040 06 13 22 25 27 28 09 147,866,454 
2008-04-06 2008039 01 07 10 13 22 29 01 167,098,814 
2008-04-03 2008038 03 09 10 11 15 19 13 156,472,902 
2008-04-01 2008037 01 12 22 24 28 31 06 155,799,266 
2008-03-30 2008036 02 06 13 18 23 28 16 175,839,426 
2008-03-27 2008035 07 11 14 17 18 29 16 157,220,200 
2008-03-25 2008034 03 05 09 11 21 29 09 159,514,754 
2008-03-23 2008033 12 17 18 30 31 33 04 180,595,348 
2008-03-20 2008032 05 14 16 21 23 28 13 160,439,648 
2008-03-19 2008031 03 06 11 15 21 31 13 158,624,334 
2008-03-16 2008030 06 15 18 19 20 28 11 179,312,028 
2008-03-13 2008029 01 09 14 22 29 32 12 161,219,452 
2008-03-11 2008028 01 13 21 26 29 32 10 160,518,620 
2008-03-09 2008027 15 18 19 23 24 26 13 174,009,958 
2008-03-06 2008026 05 17 19 27 29 32 03 152,462,456 
2008-03-04 2008025 08 16 17 18 19 21 14 153,154,654 
2008-03-02 2008024 11 20 21 26 28 30 13 170,256,022 
2008-02-28 2008023 08 16 18 25 26 32 02 153,560,364 
2008-02-26 2008022 12 18 20 24 28 32 05 144,863,010 
2008-02-24 2008021 09 12 19 20 26 28 15 160,910,474 
2008-02-21 2008020 03 10 13 15 28 30 03 146,348,748 
2008-02-19 2008019 02 09 11 17 27 31 05 141,971,234 
2008-02-17 2008018 02 05 06 23 26 33 13 157,186,176 
2008-02-14 2008017 02 05 07 17 20 22 02 132,359,640 
2008-02-05 2008016 03 12 14 21 29 33 13 140,568,370 
2008-02-03 2008015 06 08 11 16 29 33 03 150,230,862 
2008-01-31 2008014 03 09 11 17 21 31 14 135,835,312 
2008-01-29 2008013 02 08 15 16 22 28 10 134,411,428 
2008-01-27 2008012 03 04 05 16 20 30 13 154,610,224 
2008-01-24 2008011 02 14 17 21 30 32 03 142,739,106 
2008-01-22 2008010 03 08 11 17 21 27 09 146,738,458 
2008-01-20 2008009 09 21 29 30 31 32 16 165,349,862 
2008-01-17 2008008 02 15 16 23 26 27 07 150,661,200 
2008-01-15 2008007 01 13 17 22 23 30 11 145,532,348 
2008-01-13 2008006 01 14 16 18 22 27 14 165,907,668 
2008-01-10 2008005 03 05 15 22 24 25 15 154,340,740 
2008-01-08 2008004 04 08 22 23 27 29 08 154,299,042 
2008-01-06 2008003 06 08 11 13 17 19 12 175,940,428 
2008-01-03 2008002 03 04 18 22 25 29 09 153,610,222 
2008-01-01 2008001 02 04 07 09 14 29 03 143,343,976 
2007-12-30 2007153 01 04 19 20 25 31 15 169,633,854 
2007-12-27 2007152 11 17 21 29 30 33 08 156,184,910 
2007-12-25 2007151 01 06 10 11 23 25 02 153,939,934 
2007-12-23 2007150 03 05 11 13 19 24 05 166,649,572 
2007-12-20 2007149 01 17 19 22 28 30 03 149,288,714 
2007-12-18 2007148 03 09 16 17 23 28 07 158,818,618 
2007-12-16 2007147 03 07 18 24 26 27 04 179,005,766 
2007-12-13 2007146 04 18 22 24 26 30 09 158,863,498 
2007-12-11 2007145 08 09 11 12 25 31 11 156,683,190 
2007-12-09 2007144 08 14 23 25 28 32 16 178,734,532 
2007-12-06 2007143 01 06 22 23 24 26 04 152,332,662 
2007-12-04 2007142 11 20 25 26 27 30 08 148,389,454 
2007-12-02 2007141 02 03 04 06 17 31 08 166,050,194 
2007-11-29 2007140 01 05 16 21 22 26 11 143,598,644 
2007-11-27 2007139 06 10 12 14 16 22 06 147,362,270 
2007-11-25 2007138 02 03 15 17 19 25 16 167,481,164 
2007-11-22 2007137 03 07 08 18 20 22 03 148,358,822 
2007-11-20 2007136 01 02 18 21 25 29 14 148,075,802 
2007-11-18 2007135 01 11 16 26 31 33 16 159,526,566 
2007-11-15 2007134 01 04 10 13 18 25 15 141,752,438 
2007-11-13 2007133 03 06 07 11 13 33 10 145,163,392 
2007-11-11 2007132 01 09 16 21 22 23 05 155,862,750 
2007-11-08 2007131 03 05 07 16 22 27 05 139,489,488 
2007-11-06 2007130 03 05 09 11 27 31 04 134,915,286 
2007-11-04 2007129 05 07 20 21 22 30 08 152,215,698 
2007-11-01 2007128 09 10 19 21 27 31 05 130,058,308 
2007-10-30 2007127 06 09 13 16 24 28 11 131,706,110 
2007-10-28 2007126 09 10 19 23 26 31 09 170,508,318 
2007-10-25 2007125 03 05 18 20 27 33 01 137,439,952 
2007-10-23 2007124 03 07 13 16 19 32 16 131,087,996 
2007-10-21 2007123 01 13 15 23 28 32 02 149,864,730 
2007-10-18 2007122 04 07 19 24 26 32 09 130,402,942 
2007-10-16 2007121 03 10 21 22 27 28 06 125,337,786 
2007-10-14 2007120 06 07 11 12 18 25 01 136,778,106 
2007-10-11 2007119 03 08 11 13 25 31 12 124,850,416 
2007-10-09 2007118 04 10 16 18 25 32 15 124,978,730 
2007-10-07 2007117 03 07 09 10 26 32 01 132,239,116 
2007-10-04 2007116 03 05 07 11 17 27 13 113,457,608 
2007-10-02 2007115 01 05 10 16 20 26 02 108,125,704 
2007-09-30 2007114 05 12 15 24 27 33 05 143,109,004 
2007-09-27 2007113 04 18 23 25 26 31 10 124,724,404 
2007-09-25 2007112 07 11 14 16 25 32 11 128,550,874 
2007-09-23 2007111 02 09 10 12 13 17 11 136,651,412 
2007-09-20 2007110 02 04 07 15 24 28 03 119,714,108 
2007-09-18 2007109 01 04 07 08 13 14 04 117,653,172 
2007-09-16 2007108 03 07 12 13 20 33 02 136,419,830 
2007-09-13 2007107 02 08 09 18 24 28 10 118,762,906 
2007-09-11 2007106 12 18 21 24 25 29 08 113,328,304 
2007-09-09 2007105 02 07 10 17 23 29 14 134,273,360 
2007-09-06 2007104 02 08 12 14 20 32 04 108,150,420 
2007-09-04 2007103 07 09 25 27 30 32 01 102,844,920 
2007-09-02 2007102 04 06 08 18 20 33 11 119,528,600 
2007-08-30 2007101 15 16 18 21 22 30 14 103,261,246 
2007-08-28 2007100 08 18 27 29 30 32 06 100,804,514 
2007-08-26 2007099 03 04 14 27 31 33 05 115,727,006 
2007-08-23 2007098 02 03 05 11 19 20 12 103,284,906 
2007-08-21 2007097 04 08 13 18 26 30 11 99,828,090 
2007-08-19 2007096 09 10 20 22 30 32 08 116,298,698 
2007-08-16 2007095 01 06 08 18 29 32 07 101,322,650 
2007-08-14 2007094 03 05 18 19 24 32 02 100,279,716 
2007-08-12 2007093 05 10 13 15 19 29 02 115,267,274 
2007-08-09 2007092 14 18 22 23 24 33 09 100,547,190 
2007-08-07 2007091 02 11 17 30 31 32 07 98,640,430 
2007-08-05 2007090 05 11 13 27 30 31 02 114,857,394 
2007-08-02 2007089 03 07 08 15 19 28 03 99,074,148 
2007-07-31 2007088 02 04 10 28 29 33 06 97,931,132 
2007-07-29 2007087 01 03 04 05 08 21 09 115,648,010 
2007-07-26 2007086 05 08 14 22 27 29 16 102,347,618 
2007-07-24 2007085 02 12 17 19 29 30 12 0 
2007-07-22 2007084 06 10 12 14 20 27 10 117,091,964 
2007-07-19 2007083 11 14 18 20 21 26 05 100,264,804 
2007-07-17 2007082 05 15 17 18 25 32 15 101,473,624 
2007-07-15 2007081 09 14 15 19 24 33 13 120,651,274 
2007-07-12 2007080 01 08 16 18 19 29 04 105,252,328 
2007-07-10 2007079 03 04 14 20 21 25 14 103,249,956 
2007-07-08 2007078 04 06 07 23 25 32 01 121,749,606 
2007-07-05 2007077 06 08 14 21 28 29 02 107,569,632 
2007-07-03 2007076 06 12 15 16 20 31 02 106,329,426 
2007-07-01 2007075 13 16 17 22 30 32 03 125,477,334 
2007-06-28 2007074 08 13 15 25 27 28 03 108,638,452 
2007-06-26 2007073 05 09 11 19 28 31 02 109,359,702 
2007-06-24 2007072 02 04 08 13 14 33 16 131,085,768 
2007-06-21 2007071 01 06 14 21 30 31 09 116,647,272 
2007-06-19 2007070 06 08 15 17 18 30 12 114,811,644 
2007-06-17 2007069 03 04 11 12 14 32 12 137,143,568 
2007-06-14 2007068 11 18 19 22 23 28 01 109,334,584 
2007-06-12 2007067 06 11 13 17 21 23 11 106,213,796 
2007-06-10 2007066 05 11 16 24 32 33 08 122,787,844 
2007-06-07 2007065 04 07 19 21 25 31 07 106,720,024 
2007-06-05 2007064 02 06 09 16 21 23 16 107,504,678 
2007-06-03 2007063 10 15 17 24 26 28 12 124,445,210 
2007-05-31 2007062 08 17 20 29 30 33 09 106,979,026 
2007-05-29 2007061 01 06 07 11 20 23 05 107,509,478 
2007-05-27 2007060 01 02 08 16 19 29 05 122,877,416 
2007-05-24 2007059 01 03 04 06 07 29 14 107,668,468 
2007-05-22 2007058 07 08 10 13 25 27 07 106,118,326 
2007-05-20 2007057 05 11 18 19 20 21 09 125,193,540 
2007-05-17 2007056 14 17 21 29 31 32 12 111,070,368 
2007-05-15 2007055 02 06 11 22 28 29 02 109,364,728 
2007-05-13 2007054 01 03 16 18 23 28 05 126,641,628 
2007-05-10 2007053 10 13 16 17 18 27 11 109,175,190 
2007-05-08 2007052 02 03 07 08 26 29 07 107,460,952 
2007-05-06 2007051 03 14 16 26 27 33 13 128,364,720 
2007-05-03 2007050 01 05 08 13 18 25 02 105,495,070 
2007-05-01 2007049 04 14 18 19 31 33 02 109,032,730 
2007-04-29 2007048 02 11 12 15 17 28 12 136,379,094 
2007-04-26 2007047 02 04 16 18 23 30 06 119,916,622 
2007-04-24 2007046 02 06 07 09 19 26 14 119,427,296 
2007-04-22 2007045 01 12 18 21 28 30 10 136,615,924 
2007-04-19 2007044 09 13 20 21 24 32 08 124,340,438 
2007-04-17 2007043 03 08 10 11 14 30 05 122,386,058 
2007-04-15 2007042 03 13 16 19 32 33 08 142,691,830 
2007-04-12 2007041 01 03 09 11 26 31 12 121,205,882 
2007-04-10 2007040 13 14 15 19 24 30 10 118,331,436 
2007-04-08 2007039 06 07 19 24 27 29 01 143,011,060 
2007-04-05 2007038 03 11 14 19 21 30 05 119,984,574 
2007-04-03 2007037 10 11 16 23 31 33 16 116,812,284 
2007-04-01 2007036 03 14 21 23 30 31 10 134,541,242 
2007-03-29 2007035 01 04 08 12 29 31 06 114,653,702 
2007-03-27 2007034 02 09 12 14 23 25 16 114,516,916 
2007-03-25 2007033 03 04 11 17 18 28 09 134,912,082 
2007-03-22 2007032 04 08 16 24 30 32 16 119,343,222 
2007-03-20 2007031 04 06 10 12 19 31 01 117,363,182 
2007-03-18 2007030 03 16 21 22 27 30 04 133,913,730 
2007-03-15 2007029 06 08 09 11 19 21 10 113,666,804 
2007-03-13 2007028 03 08 13 20 29 30 11 116,965,154 
2007-03-11 2007027 02 03 09 22 24 27 11 128,748,636 
2007-03-08 2007026 01 04 14 16 26 29 10 109,462,504 
2007-03-06 2007025 03 16 18 22 23 26 03 104,560,512 
2007-03-04 2007024 08 09 17 25 27 32 06 121,542,842 
2007-03-01 2007023 03 07 13 17 32 33 02 112,284,838 
2007-02-27 2007022 02 04 07 10 18 27 10 107,756,880 
2007-02-25 2007021 03 06 09 11 25 31 13 113,756,430 
2007-02-15 2007020 05 10 16 20 28 31 14 126,700,040 
2007-02-13 2007019 04 11 16 23 29 31 14 115,956,594 
2007-02-11 2007018 01 12 18 20 21 26 11 133,609,680 
2007-02-08 2007017 05 09 10 24 25 32 14 114,012,860 
2007-02-06 2007016 01 18 20 22 26 33 05 116,998,640 
2007-02-04 2007015 03 04 08 18 22 30 15 139,341,652 
2007-02-01 2007014 01 13 16 20 24 26 09 115,219,742 
2007-01-30 2007013 05 15 18 27 29 32 05 115,053,692 
2007-01-28 2007012 03 05 07 21 26 28 04 134,084,158 
2007-01-25 2007011 03 10 15 25 28 33 16 115,841,486 
2007-01-23 2007010 03 08 14 17 30 32 05 115,335,536 
2007-01-21 2007009 02 04 14 15 25 27 15 132,693,662 
2007-01-18 2007008 01 04 05 18 19 25 10 116,492,752 
2007-01-16 2007007 04 12 15 17 22 32 14 111,917,406 
2007-01-14 2007006 06 10 14 22 26 27 11 130,460,716 
2007-01-11 2007005 01 05 06 16 24 30 12 113,427,606 
2007-01-09 2007004 03 07 10 13 25 33 10 109,946,044 
2007-01-07 2007003 05 09 11 12 22 27 15 129,783,464 
2007-01-04 2007002 05 06 14 20 21 22 01 112,130,528 
2007-01-02 2007001 02 04 09 10 20 26 14 107,551,896 
2006-12-31 2006154 07 14 18 20 30 33 13 141,112,320 
2006-12-28 2006153 01 07 11 20 30 33 10 116,654,792 
2006-12-26 2006152 01 14 20 25 27 31 15 119,601,334 
2006-12-24 2006151 01 03 04 06 16 22 08 138,410,226 
2006-12-21 2006150 08 09 12 18 25 27 12 115,993,740 
2006-12-19 2006149 02 03 05 11 15 32 15 115,306,168 
2006-12-17 2006148 04 08 12 13 23 29 01 132,637,320 
2006-12-14 2006147 01 04 15 17 27 31 01 116,514,674 
2006-12-12 2006146 03 09 13 23 28 30 05 115,654,738 
2006-12-10 2006145 02 07 23 26 28 31 07 132,458,778 
2006-12-07 2006144 04 10 13 16 22 29 06 114,335,670 
2006-12-05 2006143 01 15 20 29 31 32 08 112,319,084 
2006-12-03 2006142 10 16 19 22 26 27 16 129,524,666 
2006-11-30 2006141 16 18 22 23 25 31 11 113,085,938 
2006-11-28 2006140 01 08 11 18 19 23 05 113,078,350 
2006-11-26 2006139 07 08 14 21 23 25 05 131,547,148 
2006-11-23 2006138 04 09 11 17 18 26 08 117,330,686 
2006-11-21 2006137 10 14 17 21 27 31 09 114,978,368 
2006-11-19 2006136 11 15 17 21 22 24 05 134,814,524 
2006-11-16 2006135 04 19 21 22 23 31 04 117,256,018 
2006-11-14 2006134 10 13 18 26 28 30 12 117,122,256 
2006-11-12 2006133 04 06 20 25 29 31 03 132,260,424 
2006-11-09 2006132 06 14 22 26 30 33 01 112,975,272 
2006-11-07 2006131 03 04 09 22 26 33 01 109,252,010 
2006-11-05 2006130 01 12 21 22 30 32 02 127,450,422 
2006-11-02 2006129 09 14 18 22 27 29 12 114,763,814 
2006-10-31 2006128 04 15 21 30 31 33 05 112,378,664 
2006-10-29 2006127 03 04 11 17 19 30 01 132,007,038 
2006-10-26 2006126 02 08 13 16 24 33 09 112,001,142 
2006-10-24 2006125 15 19 23 30 32 33 06 108,541,420 
2006-10-22 2006124 12 13 14 18 31 32 13 126,512,484 
2006-10-19 2006123 02 03 20 25 28 32 06 109,186,124 
2006-10-17 2006122 04 05 06 08 22 24 03 106,944,306 
2006-10-15 2006121 03 04 06 27 31 33 06 121,563,190 
2006-10-12 2006120 06 08 14 15 24 33 09 106,800,148 
2006-10-10 2006119 01 02 14 20 27 30 02 104,253,630 
2006-10-08 2006118 01 03 07 08 10 30 05 120,456,838 
2006-10-05 2006117 06 14 20 22 23 26 09 102,567,054 
2006-10-03 2006116 05 16 21 22 32 33 09 98,613,202 
2006-10-01 2006115 01 10 20 26 28 29 15 124,883,314 
2006-09-28 2006114 08 10 14 20 27 29 16 108,934,344 
2006-09-26 2006113 05 14 17 18 28 33 02 107,572,058 
2006-09-24 2006112 04 09 13 15 31 33 11 125,399,344 
2006-09-21 2006111 01 08 11 16 17 22 15 108,913,454 
2006-09-19 2006110 09 12 14 18 27 33 13 109,867,074 
2006-09-17 2006109 01 05 17 18 23 26 13 126,119,150 
2006-09-14 2006108 02 06 08 20 24 30 09 109,119,888 
2006-09-12 2006107 01 06 08 13 17 30 07 104,721,686 
2006-09-10 2006106 02 12 14 19 28 33 10 125,436,850 
2006-09-07 2006105 05 12 14 15 20 31 01 107,101,384 
2006-09-05 2006104 03 07 22 27 28 31 11 103,600,434 
2006-09-03 2006103 12 14 15 25 28 31 06 121,181,078 
2006-08-31 2006102 01 04 13 19 20 24 11 101,870,248 
2006-08-29 2006101 09 12 20 26 27 28 16 103,642,530 
2006-08-27 2006100 01 11 18 26 30 32 03 121,377,382 
2006-08-24 2006099 09 12 18 23 24 27 05 104,632,276 
2006-08-22 2006098 06 07 10 11 18 23 16 106,596,798 
2006-08-20 2006097 11 14 15 20 26 27 12 121,243,358 
2006-08-17 2006096 01 05 09 13 18 33 14 104,405,910 
2006-08-15 2006095 01 03 17 20 21 29 16 102,008,350 
2006-08-13 2006094 15 16 17 18 24 33 13 118,981,520 
2006-08-10 2006093 02 12 16 18 19 23 05 103,069,550 
2006-08-08 2006092 02 08 11 16 20 21 14 100,741,394 
2006-08-06 2006091 07 08 12 21 22 24 07 117,308,110 
2006-08-03 2006090 02 11 15 20 23 29 11 96,271,594 
2006-08-01 2006089 01 13 16 18 19 22 01 94,591,130 
2006-07-30 2006088 03 11 20 24 25 26 01 114,786,458 
2006-07-27 2006087 04 05 08 09 12 30 05 100,404,616 
2006-07-25 2006086 04 06 10 24 26 31 06 100,268,238 
2006-07-23 2006085 02 06 18 21 24 25 08 113,841,824 
2006-07-21 2006084 01 12 17 21 25 28 12 95,796,786 
2006-07-18 2006083 07 09 18 19 26 29 10 94,698,606 
2006-07-16 2006082 03 13 15 23 28 29 09 110,771,614 
2006-07-13 2006081 14 16 18 21 22 32 04 94,879,564 
2006-07-11 2006080 15 17 20 22 26 29 09 95,689,488 
2006-07-09 2006079 06 11 13 17 20 32 08 113,367,343 
2006-07-06 2006078 03 05 17 22 31 33 12 96,331,128 
2006-07-04 2006077 08 09 12 13 19 33 09 95,566,810 
2006-07-02 2006076 04 10 17 21 29 32 14 111,315,098 
2006-06-29 2006075 10 21 22 23 25 33 11 98,135,212 
2006-06-27 2006074 01 03 15 19 25 33 04 97,994,678 
2006-06-25 2006073 05 13 16 18 27 29 12 113,616,244 
2006-06-22 2006072 02 03 05 20 21 24 08 97,222,706 
2006-06-20 2006071 05 11 12 19 29 31 01 0 
2006-06-18 2006070 02 03 11 13 20 27 02 117,810,232 
2006-06-15 2006069 05 16 20 22 29 30 08 103,486,846 
2006-06-13 2006068 03 07 10 14 30 33 10 101,776,294 
2006-06-11 2006067 07 08 11 16 17 24 13 119,304,720 
2006-06-08 2006066 06 08 11 18 30 33 05 105,113,854 
2006-06-06 2006065 04 08 17 28 29 30 13 105,179,330 
2006-06-04 2006064 03 12 14 21 24 28 11 120,208,036 
2006-06-01 2006063 04 05 15 21 23 24 08 101,449,632 
2006-05-30 2006062 18 22 23 24 26 30 01 103,173,418 
2006-05-28 2006061 05 13 17 19 25 30 11 119,567,188 
2006-05-25 2006060 05 15 19 23 30 32 14 103,935,570 
2006-05-23 2006059 05 10 15 17 27 29 11 100,396,304 
2006-05-21 2006058 01 12 22 23 24 25 14 116,033,720 
2006-05-18 2006057 03 04 17 18 21 31 08 99,929,702 
2006-05-16 2006056 11 13 15 21 23 25 08 103,929,956 
2006-05-14 2006055 04 05 28 29 31 33 11 119,895,110 
2006-05-11 2006054 03 05 07 10 28 30 04 103,152,448 
2006-05-09 2006053 01 11 17 27 28 31 02 100,676,240 
2006-05-07 2006052 11 24 26 27 30 32 03 118,886,736 
2006-05-04 2006051 02 06 07 17 27 30 16 97,800,512 
2006-05-02 2006050 02 06 12 15 25 31 07 94,915,860 
2006-04-30 2006049 06 10 12 13 17 20 03 123,714,924 
2006-04-27 2006048 09 13 19 25 29 32 12 108,892,170 
2006-04-25 2006047 02 17 20 22 28 32 03 109,048,914 
2006-04-23 2006046 13 18 23 29 31 32 08 128,175,586 
2006-04-20 2006045 06 07 10 14 20 21 04 109,852,122 
2006-04-18 2006044 02 10 18 21 30 31 05 107,026,164 
2006-04-16 2006043 05 12 13 16 23 32 03 125,637,310 
2006-04-13 2006042 03 16 23 26 28 31 11 105,723,260 
2006-04-11 2006041 03 10 16 18 21 28 04 105,725,214 
2006-04-09 2006040 15 22 25 26 28 33 03 123,352,566 
2006-04-06 2006039 16 19 22 28 31 32 03 106,258,396 
2006-04-04 2006038 02 14 17 19 22 30 10 101,996,466 
2006-04-02 2006037 02 12 23 24 25 32 14 124,438,394 
2006-03-30 2006036 04 07 10 16 17 21 09 109,841,862 
2006-03-28 2006035 03 09 13 21 27 29 13 107,522,946 
2006-03-26 2006034 02 10 15 16 17 33 13 128,871,804 
2006-03-23 2006033 15 20 22 23 27 31 06 111,163,226 
2006-03-21 2006032 05 18 20 24 26 31 09 110,906,190 
2006-03-19 2006031 03 10 12 16 31 32 14 124,118,424 
2006-03-16 2006030 08 13 15 17 20 32 14 104,007,536 
2006-03-14 2006029 03 04 07 09 14 19 08 101,076,256 
2006-03-12 2006028 05 07 14 16 17 27 04 115,594,746 
2006-03-09 2006027 06 08 11 14 16 27 15 105,074,006 
2006-03-07 2006026 01 02 18 22 29 32 03 101,697,504 
2006-03-05 2006025 03 04 17 19 24 32 05 114,242,160 
2006-03-02 2006024 02 07 09 11 21 27 06 99,899,450 
2006-02-28 2006023 04 13 14 19 23 28 08 94,622,606 
2006-02-26 2006022 02 03 04 13 16 27 13 109,077,186 
2006-02-23 2006021 01 02 05 20 21 22 09 94,454,936 
2006-02-21 2006020 05 09 21 23 26 29 06 93,253,284 
2006-02-19 2006019 04 06 13 22 26 32 07 105,480,332 
2006-02-16 2006018 01 13 14 17 24 26 05 87,008,450 
2006-02-14 2006017 03 04 08 31 32 33 02 89,616,926 
2006-02-12 2006016 01 07 13 17 23 30 16 103,427,620 
2006-02-09 2006015 02 03 09 15 29 32 03 88,355,360 
2006-02-07 2006014 06 14 26 29 32 33 07 82,668,894 
2006-02-05 2006013 01 05 06 12 16 21 11 84,977,250 
2006-01-26 2006012 09 11 13 27 31 33 10 101,562,774 
2006-01-24 2006011 05 07 08 14 27 31 11 89,227,522 
2006-01-22 2006010 04 06 12 19 27 29 08 110,089,308 
2006-01-19 2006009 05 06 08 20 26 30 06 91,943,224 
2006-01-17 2006008 03 05 09 18 28 32 16 91,800,142 
2006-01-15 2006007 04 16 18 27 32 33 07 111,611,858 
2006-01-12 2006006 08 21 22 23 26 32 14 95,871,778 
2006-01-10 2006005 03 19 20 24 26 27 11 95,099,522 
2006-01-08 2006004 04 08 17 27 28 31 07 110,726,140 
2006-01-05 2006003 02 04 05 06 16 20 12 97,626,902 
2006-01-03 2006002 07 13 16 21 26 28 09 94,624,640 
2006-01-01 2006001 01 12 15 19 21 28 03 108,083,372 
2005-12-29 2005153 04 05 07 21 26 29 01 97,908,590 
2005-12-27 2005152 01 05 12 14 21 27 03 94,543,810 
2005-12-25 2005151 04 11 12 13 19 30 05 112,380,820 
2005-12-22 2005150 03 07 10 14 18 20 02 94,339,478 
2005-12-20 2005149 11 16 21 23 25 32 07 93,699,080 
2005-12-18 2005148 03 15 17 23 24 29 13 107,658,676 
2005-12-15 2005147 06 07 15 27 28 30 10 92,151,598 
2005-12-13 2005146 07 11 19 20 24 28 02 91,683,000 
2005-12-11 2005145 03 07 08 17 20 28 15 107,763,236 
2005-12-08 2005144 01 08 14 15 19 27 09 93,615,492 
2005-12-06 2005143 03 10 15 17 20 32 08 89,833,786 
2005-12-04 2005142 07 10 12 17 22 29 05 107,920,884 
2005-12-01 2005141 03 05 08 12 16 19 15 98,736,818 
2005-11-29 2005140 04 06 07 08 12 17 07 97,816,778 
2005-11-27 2005139 02 07 20 23 32 33 10 113,954,368 
2005-11-24 2005138 03 05 06 11 20 22 13 99,148,234 
2005-11-22 2005137 03 09 15 23 25 33 12 94,838,566 
2005-11-20 2005136 05 14 16 18 25 27 13 110,922,040 
2005-11-17 2005135 01 05 13 15 21 25 11 98,055,380 
2005-11-15 2005134 04 13 14 18 26 30 01 96,024,468 
2005-11-13 2005133 01 07 14 16 18 25 11 112,647,856 
2005-11-10 2005132 02 04 10 18 27 29 15 94,130,152 
2005-11-08 2005131 02 07 10 11 12 24 03 92,470,384 
2005-11-06 2005130 03 05 09 15 20 25 16 107,409,392 
2005-11-03 2005129 05 10 14 20 27 33 03 92,402,414 
2005-11-01 2005128 02 04 14 23 29 33 15 90,364,038 
2005-10-30 2005127 04 06 11 14 23 25 12 100,319,936 
2005-10-27 2005126 02 08 13 19 25 26 09 89,725,146 
2005-10-25 2005125 06 14 18 28 31 32 03 87,866,546 
2005-10-23 2005124 05 06 10 19 31 33 11 100,141,228 
2005-10-20 2005123 11 12 13 17 18 25 07 88,748,762 
2005-10-18 2005122 01 04 07 14 30 32 09 86,580,310 
2005-10-16 2005121 01 07 20 25 31 32 12 98,424,618 
2005-10-13 2005120 01 06 13 18 30 32 14 85,309,164 
2005-10-11 2005119 01 07 11 18 20 22 02 84,606,492 
2005-10-09 2005118 04 09 12 15 26 31 16 100,005,930 
2005-10-06 2005117 06 17 22 27 28 32 03 88,046,422 
2005-10-04 2005116 04 06 08 14 15 30 10 82,761,716 
2005-10-02 2005115 03 12 18 23 30 33 02 100,744,056 
2005-09-29 2005114 06 07 10 15 21 27 06 83,220,546 
2005-09-27 2005113 15 18 20 22 26 27 03 84,045,660 
2005-09-25 2005112 04 12 22 28 29 30 16 96,648,022 
2005-09-22 2005111 03 07 15 16 19 29 09 84,986,902 
2005-09-20 2005110 07 10 16 19 24 25 09 80,799,964 
2005-09-18 2005109 03 05 13 15 17 31 04 95,781,382 
2005-09-15 2005108 03 10 12 24 29 30 06 84,723,006 
2005-09-13 2005107 09 10 20 24 25 26 11 84,794,920 
2005-09-11 2005106 01 11 13 24 26 31 13 99,286,104 
2005-09-08 2005105 04 15 23 30 32 33 03 87,687,830 
2005-09-06 2005104 02 04 21 23 30 33 09 87,523,934 
2005-09-04 2005103 04 07 16 18 23 30 07 101,882,938 
2005-09-01 2005102 02 05 06 14 24 31 12 85,261,292 
2005-08-30 2005101 09 16 19 21 22 24 12 83,203,780 
2005-08-28 2005100 02 04 09 14 16 31 03 98,607,066 
2005-08-25 2005099 10 13 16 22 24 31 09 84,539,242 
2005-08-23 2005098 12 15 19 22 31 33 01 82,354,218 
2005-08-21 2005097 05 10 23 27 28 30 15 95,744,622 
2005-08-18 2005096 04 05 17 18 26 33 04 85,977,004 
2005-08-16 2005095 09 12 18 21 28 29 05 81,902,156 
2005-08-14 2005094 03 05 09 23 27 33 03 92,955,416 
2005-08-11 2005093 04 06 17 23 25 29 14 81,066,546 
2005-08-09 2005092 08 13 19 26 28 31 10 82,564,864 
2005-08-07 2005091 01 11 12 15 26 27 13 95,665,834 
2005-08-04 2005090 01 09 21 25 29 32 03 82,913,536 
2005-08-02 2005089 05 19 20 23 26 31 12 79,337,620 
2005-07-31 2005088 01 03 07 18 20 24 07 90,904,986 
2005-07-28 2005087 08 09 15 16 23 26 08 79,213,276 
2005-07-26 2005086 07 11 12 24 27 29 12 77,364,602 
2005-07-24 2005085 08 09 13 14 20 22 12 89,568,388 
2005-07-21 2005084 01 02 07 15 19 20 03 78,941,520 
2005-07-19 2005083 03 05 09 14 16 30 13 76,251,350 
2005-07-17 2005082 01 07 11 14 19 20 12 90,397,368 
2005-07-14 2005081 02 04 10 12 26 30 03 78,229,226 
2005-07-12 2005080 01 12 14 26 27 32 16 77,732,422 
2005-07-10 2005079 03 09 20 24 25 28 05 90,690,486 
2005-07-07 2005078 03 11 15 20 26 32 11 78,597,462 
2005-07-05 2005077 08 17 22 24 32 33 16 76,776,232 
2005-07-03 2005076 04 09 11 22 25 28 13 89,406,860 
2005-06-30 2005075 11 13 14 16 18 31 14 77,727,922 
2005-06-28 2005074 06 09 18 20 26 29 09 77,117,314 
2005-06-26 2005073 01 06 08 09 18 20 01 91,231,396 
2005-06-23 2005072 06 10 19 20 24 33 11 79,624,618 
2005-06-21 2005071 04 08 12 14 16 22 10 76,440,970 
2005-06-19 2005070 03 04 08 14 16 26 04 93,029,490 
2005-06-16 2005069 07 09 21 24 31 33 12 77,421,708 
2005-06-14 2005068 01 08 10 13 25 33 13 76,931,454 
2005-06-12 2005067 03 12 16 20 21 26 16 91,360,150 
2005-06-09 2005066 02 04 10 11 25 28 05 78,834,656 
2005-06-07 2005065 12 16 17 21 22 23 16 78,406,326 
2005-06-05 2005064 10 18 23 27 30 32 08 91,725,346 
2005-06-02 2005063 02 11 13 18 22 30 04 78,062,342 
2005-05-31 2005062 02 07 11 12 20 23 07 78,069,394 
2005-05-29 2005061 05 09 14 21 23 24 01 91,763,234 
2005-05-26 2005060 09 12 21 25 31 33 13 80,020,874 
2005-05-24 2005059 07 11 14 18 24 29 07 78,358,206 
2005-05-22 2005058 04 06 10 21 25 26 10 93,045,298 
2005-05-19 2005057 05 06 10 15 30 31 13 79,892,628 
2005-05-17 2005056 12 17 19 27 29 31 09 76,174,508 
2005-05-15 2005055 05 20 22 30 32 33 09 93,309,308 
2005-05-12 2005054 05 13 17 18 21 29 14 81,854,430 
2005-05-10 2005053 04 07 10 14 27 29 09 76,967,356 
2005-05-08 2005052 01 02 14 17 30 32 01 90,275,684 
2005-05-05 2005051 03 06 14 19 20 21 02 72,706,272 
2005-05-03 2005050 02 09 12 20 26 32 13 68,676,002 
2005-05-01 2005049 02 03 08 10 25 27 12 87,276,712 
2005-04-28 2005048 06 07 08 10 16 28 02 80,188,244 
2005-04-26 2005047 02 03 05 07 08 27 15 77,150,922 
2005-04-24 2005046 09 16 18 20 22 24 05 91,639,786 
2005-04-21 2005045 01 07 10 15 18 20 10 77,512,424 
2005-04-19 2005044 01 06 16 17 18 22 09 70,627,418 
2005-04-17 2005043 04 05 06 07 08 32 05 91,903,906 
2005-04-14 2005042 11 16 21 26 27 30 15 79,192,448 
2005-04-12 2005041 02 11 16 23 24 29 03 78,144,480 
2005-04-10 2005040 01 12 21 24 30 32 13 89,311,042 
2005-04-07 2005039 02 16 18 19 21 29 09 78,209,132 
2005-04-05 2005038 04 07 11 20 27 28 16 76,754,210 
2005-04-03 2005037 07 12 14 22 24 32 16 88,843,416 
2005-03-31 2005036 12 19 20 21 26 31 15 76,548,738 
2005-03-29 2005035 12 16 21 28 29 30 14 73,995,036 
2005-03-27 2005034 05 17 18 25 28 32 09 92,625,150 
2005-03-24 2005033 07 08 12 14 19 20 07 76,996,234 
2005-03-22 2005032 05 15 19 20 25 29 03 75,420,852 
2005-03-20 2005031 04 10 16 20 23 32 07 88,181,316 
2005-03-17 2005030 01 05 09 14 22 28 05 78,215,814 
2005-03-15 2005029 02 14 21 22 27 30 14 73,015,078 
2005-03-13 2005028 04 09 22 25 26 32 10 83,942,448 
2005-03-10 2005027 01 03 04 06 21 32 15 74,896,882 
2005-03-08 2005026 06 12 14 20 25 26 07 72,124,158 
2005-03-06 2005025 01 07 10 11 13 32 07 83,986,854 
2005-03-03 2005024 05 09 14 27 31 32 13 72,808,046 
2005-03-01 2005023 10 15 19 20 21 25 12 70,112,088 
2005-02-27 2005022 08 10 12 21 32 33 04 87,869,528 
2005-02-24 2005021 02 06 24 26 30 31 16 74,925,080 
2005-02-22 2005020 14 16 19 20 25 29 05 71,772,338 
2005-02-20 2005019 06 11 12 13 19 22 08 80,017,318 
2005-02-17 2005018 01 03 06 22 23 25 06 70,853,674 
2005-02-16 2005017 02 06 10 25 27 31 03 69,139,166 
2005-02-06 2005016 01 05 06 12 16 30 15 85,896,264 
2005-02-03 2005015 04 08 09 16 17 29 15 71,767,638 
2005-02-01 2005014 13 19 21 23 30 32 05 70,400,450 
2005-01-30 2005013 07 08 16 19 20 24 06 85,862,110 
2005-01-27 2005012 02 03 06 16 22 31 05 73,524,782 
2005-01-25 2005011 09 11 13 15 22 30 15 70,934,662 
2005-01-23 2005010 08 10 11 18 25 26 01 86,560,850 
2005-01-20 2005009 02 17 22 27 29 31 14 74,072,772 
2005-01-18 2005008 11 19 22 27 32 33 11 72,041,750 
2005-01-16 2005007 07 15 17 20 23 33 15 86,322,510 
2005-01-13 2005006 02 04 05 15 21 31 16 74,203,108 
2005-01-11 2005005 05 09 20 26 28 33 15 70,647,958 
2005-01-09 2005004 01 04 08 09 22 23 03 87,357,176 
2005-01-06 2005003 09 12 15 19 22 31 16 74,532,408 
2005-01-04 2005002 06 09 20 26 28 33 14 69,161,632 
2005-01-02 2005001 01 07 08 23 27 28 14 82,345,328 
2004-12-30 2004122 03 11 14 22 24 31 15 73,723,296 
2004-12-28 2004121 07 13 16 18 30 32 10 71,029,820 
2004-12-26 2004120 07 08 18 21 27 32 10 87,000,158 
2004-12-23 2004119 06 09 18 20 25 33 06 74,319,134 
2004-12-21 2004118 03 04 07 12 30 31 15 73,120,372 
2004-12-19 2004117 01 03 07 14 24 25 07 88,600,982 
2004-12-16 2004116 01 03 05 08 14 33 03 76,958,968 
2004-12-14 2004115 02 16 20 30 31 33 01 73,673,592 
2004-12-13 2004114 01 06 09 17 21 22 01 90,387,406 
2004-12-10 2004113 08 10 23 25 31 32 07 78,297,556 
2004-12-07 2004112 09 13 15 21 26 33 06 73,167,518 
2004-12-05 2004111 11 16 18 20 26 31 02 85,650,300 
2004-12-02 2004110 14 19 20 21 22 31 11 75,845,326 
2004-11-30 2004109 06 08 10 17 30 31 14 70,969,916 
2004-11-28 2004108 08 13 14 27 28 31 12 87,178,712 
2004-11-25 2004107 01 08 12 13 18 20 07 73,766,690 
2004-11-23 2004106 10 15 23 26 28 29 12 73,170,708 
2004-11-21 2004105 07 09 10 21 23 30 12 88,083,126 
2004-11-18 2004104 07 11 17 18 24 29 05 77,680,562 
2004-11-16 2004103 02 03 05 09 16 21 02 78,484,502 
2004-11-14 2004102 03 09 12 15 28 32 01 94,949,994 
2004-11-11 2004101 02 09 14 19 25 26 15 70,744,348 
2004-11-09 2004100 06 08 09 14 24 33 15 68,740,958 
2004-11-07 2004099 05 10 21 22 26 33 02 80,866,870 
2004-11-04 2004098 03 12 13 25 26 31 03 70,521,134 
2004-11-02 2004097 10 19 20 26 29 31 14 67,373,290 
2004-10-31 2004096 01 04 12 16 20 30 15 80,026,728 
2004-10-28 2004095 19 22 27 28 30 32 01 71,852,542 
2004-10-26 2004094 05 09 10 13 24 25 08 67,261,634 
2004-10-24 2004093 11 14 20 27 32 33 05 79,237,088 
2004-10-21 2004092 01 04 08 13 28 31 02 68,711,350 
2004-10-19 2004091 09 13 14 21 30 33 01 65,871,134 
2004-10-17 2004090 01 18 20 24 32 33 12 78,631,066 
2004-10-14 2004089 14 17 20 25 28 30 14 67,942,334 
2004-10-12 2004088 02 10 19 22 24 32 14 63,311,248 
2004-10-10 2004087 01 03 07 08 25 26 14 79,731,102 
2004-10-07 2004086 10 13 18 19 25 27 01 64,152,202 
2004-10-05 2004085 03 08 11 29 30 32 01 58,608,118 
2004-10-03 2004084 01 04 08 11 21 25 14 71,287,498 
2004-09-30 2004083 14 16 27 28 30 33 06 67,740,048 
2004-09-28 2004082 03 20 24 27 29 30 15 66,973,086 
2004-09-26 2004081 03 05 21 24 27 32 06 80,066,860 
2004-09-23 2004080 03 08 20 23 24 26 16 70,123,190 
2004-09-21 2004079 07 13 14 17 19 30 03 63,685,518 
2004-09-19 2004078 04 05 10 21 24 26 05 79,354,040 
2004-09-16 2004077 08 09 10 14 16 26 07 69,121,428 
2004-09-14 2004076 03 05 13 17 25 31 07 63,859,190 
2004-09-12 2004075 07 18 21 26 27 28 07 78,991,502 
2004-09-09 2004074 05 06 15 19 26 29 13 68,096,176 
2004-09-07 2004073 02 07 13 16 23 28 16 61,137,370 
2004-09-05 2004072 08 15 18 28 30 33 14 77,849,352 
2004-09-02 2004071 03 08 16 17 21 29 06 67,283,612 
2004-08-31 2004070 10 12 21 22 30 33 06 57,522,300 
2004-08-29 2004069 02 11 15 20 22 29 05 75,514,566 
2004-08-26 2004068 02 08 11 13 24 31 15 65,964,386 
2004-08-24 2004067 01 06 07 13 16 32 04 52,451,144 
2004-08-22 2004066 05 13 20 23 24 25 03 79,363,542 
2004-08-19 2004065 13 14 27 29 32 33 08 81,729,668 
2004-08-15 2004064 14 15 18 20 27 31 04 80,884,374 
2004-08-12 2004063 07 10 13 16 27 28 07 80,827,418 
2004-08-08 2004062 01 12 25 27 28 29 13 80,873,918 
2004-08-05 2004061 13 16 19 20 23 33 09 83,100,610 
2004-08-01 2004060 03 05 11 24 27 28 15 82,300,446 
2004-07-29 2004059 04 07 11 19 23 26 10 81,550,264 
2004-07-25 2004058 01 08 11 12 27 31 12 78,945,786 
2004-07-22 2004057 05 21 23 25 28 32 04 78,588,992 
2004-07-18 2004056 01 20 21 25 29 30 02 82,258,324 
2004-07-15 2004055 06 08 19 25 29 32 07 82,803,812 
2004-07-11 2004054 09 11 14 16 27 28 11 79,867,882 
2004-07-08 2004053 02 03 04 09 24 25 02 80,917,678 
2004-07-04 2004052 01 12 14 15 17 29 09 78,771,600 
2004-07-01 2004051 02 03 09 10 15 29 11 77,098,174 
2004-06-27 2004050 06 07 19 21 25 29 02 79,279,672 
2004-06-24 2004049 11 12 14 16 25 29 09 82,759,940 
2004-06-20 2004048 08 09 11 16 17 29 09 82,446,706 
2004-06-17 2004047 01 07 08 11 27 31 06 83,699,424 
2004-06-13 2004046 07 15 16 22 23 32 14 84,024,020 
2004-06-10 2004045 01 12 18 26 27 28 13 87,139,276 
2004-06-06 2004044 02 06 07 12 31 32 05 88,925,916 
2004-06-03 2004043 04 09 10 21 22 24 10 88,243,112 
2004-05-30 2004042 06 10 13 17 18 21 02 86,844,222 
2004-05-27 2004041 08 10 17 22 25 29 14 87,199,902 
2004-05-23 2004040 07 17 19 20 21 29 11 88,282,398 
2004-05-20 2004039 10 16 18 25 26 29 03 89,037,042 
2004-05-16 2004038 11 16 17 25 28 29 07 88,138,308 
2004-05-13 2004037 03 04 11 17 20 26 05 88,267,394 
2004-05-09 2004036 02 13 17 18 26 30 01 91,493,038 
2004-05-06 2004035 02 08 26 27 30 32 16 80,558,094 
2004-05-02 2004034 02 07 13 20 27 30 14 87,333,028 
2004-04-29 2004033 01 04 08 09 19 20 01 95,181,550 
2004-04-25 2004032 02 05 08 11 15 31 13 95,382,618 
2004-04-22 2004031 03 06 19 20 21 24 11 93,249,470 
2004-04-18 2004030 01 07 09 17 26 31 05 85,809,328 
2004-04-15 2004029 09 13 20 22 24 32 05 88,313,002 
2004-04-11 2004028 01 02 03 05 10 22 12 91,292,310 
2004-04-08 2004027 01 05 09 10 18 32 11 89,134,080 
2004-04-04 2004026 04 10 14 18 28 32 15 92,237,208 
2004-04-01 2004025 07 08 10 24 29 33 04 96,888,986 
2004-03-28 2004024 01 13 21 23 25 32 06 86,812,198 
2004-03-25 2004023 01 08 14 17 19 30 03 76,833,710 
2004-03-21 2004022 03 10 14 19 20 30 06 75,568,694 
2004-03-18 2004021 05 09 11 17 26 27 10 73,472,684 
2004-03-14 2004020 01 02 09 22 28 31 04 72,242,026 
2004-03-11 2004019 05 10 11 23 24 32 04 70,336,884 
2004-03-07 2004018 02 05 06 08 28 30 06 66,466,596 
2004-03-04 2004017 05 12 14 15 25 31 09 64,576,288 
2004-02-29 2004016 04 07 08 28 30 32 05 64,489,348 
2004-02-26 2004015 01 03 05 18 22 23 13 67,256,520 
2004-02-22 2004014 03 07 11 17 20 26 12 63,952,992 
2004-02-19 2004013 12 14 21 29 30 32 13 64,366,718 
2004-02-15 2004012 01 07 27 30 31 33 08 63,403,910 
2004-02-12 2004011 01 04 13 23 28 30 03 64,816,706 
2004-02-08 2004010 06 07 08 13 14 19 15 63,960,828 
2004-02-05 2004009 01 09 10 16 22 24 11 62,089,966 
2004-02-01 2004008 01 07 10 22 32 33 13 56,569,688 
2004-01-29 2004007 04 12 17 20 25 28 09 55,455,670 
2004-01-18 2004006 04 12 18 20 23 32 06 70,062,020 
2004-01-15 2004005 09 11 13 16 17 18 07 67,960,088 
2004-01-11 2004004 10 19 22 23 25 29 09 68,221,230 
2004-01-08 2004003 03 05 06 17 26 33 08 68,220,442 
2004-01-04 2004002 10 12 18 22 30 31 11 68,295,172 
2004-01-01 2004001 01 02 03 07 10 25 07 66,703,336 
2003-12-28 2003089 18 19 21 26 27 33 16 67,728,980 
2003-12-25 2003088 03 10 21 22 24 33 12 64,097,276 
2003-12-21 2003087 02 03 04 05 24 28 13 66,127,570 
2003-12-18 2003086 05 12 16 18 26 30 13 64,581,496 
2003-12-14 2003085 01 04 11 12 19 27 14 62,490,224 
2003-12-11 2003084 02 06 07 10 17 33 03 62,314,966 
2003-12-07 2003083 01 03 14 18 26 28 01 59,695,084 
2003-12-04 2003082 07 17 18 19 30 31 14 61,740,044 
2003-11-30 2003081 01 02 14 26 29 30 07 62,508,530 
2003-11-27 2003080 09 20 24 25 28 30 10 61,168,028 
2003-11-23 2003079 12 15 22 23 26 31 04 61,225,192 
2003-11-20 2003078 07 12 23 26 29 30 11 61,385,292 
2003-11-16 2003077 04 12 16 22 24 25 06 59,628,070 
2003-11-13 2003076 01 13 16 18 20 29 02 58,283,200 
2003-11-09 2003075 16 17 19 22 31 33 11 52,503,898 
2003-11-06 2003074 02 12 19 22 27 32 01 59,866,792 
2003-11-02 2003073 02 12 14 21 23 30 13 57,551,772 
2003-10-30 2003072 03 06 08 11 19 27 11 63,510,334 
2003-10-26 2003071 09 11 12 14 15 33 11 55,288,802 
2003-10-23 2003070 01 02 04 17 18 19 08 48,248,338 
2003-10-19 2003069 07 11 16 19 26 28 11 45,227,392 
2003-10-16 2003068 09 19 25 27 32 33 11 46,972,102 
2003-10-12 2003067 05 11 12 13 27 31 10 48,192,830 
2003-10-09 2003066 03 07 08 20 24 32 14 45,124,280 
2003-10-05 2003065 06 15 16 17 30 33 11 41,948,818 
2003-10-02 2003064 04 06 08 12 15 30 01 40,925,392 
2003-09-28 2003063 05 08 09 14 21 33 11 45,643,734 
2003-09-25 2003062 01 06 12 19 20 32 14 40,972,030 
2003-09-21 2003061 03 05 20 21 28 32 02 38,065,358 
2003-09-18 2003060 02 04 06 17 21 28 11 35,595,266 
2003-09-14 2003059 02 03 05 06 18 30 04 33,611,668 
2003-09-11 2003058 09 11 16 28 32 33 02 31,985,104 
2003-09-07 2003057 18 19 24 25 30 31 16 32,781,224 
2003-09-04 2003056 08 17 21 26 28 29 07 32,664,536 
2003-08-31 2003055 06 13 16 21 28 31 16 29,508,178 
2003-08-28 2003054 02 05 09 21 31 33 12 29,449,334 
2003-08-24 2003053 15 19 20 21 28 29 13 29,854,724 
2003-08-21 2003052 01 12 13 23 30 31 11 28,371,758 
2003-08-17 2003051 04 13 15 17 24 27 01 24,831,800 
2003-08-14 2003050 02 08 17 23 24 26 13 28,450,710 
2003-08-10 2003049 03 06 07 13 24 25 15 27,734,490 
2003-08-07 2003048 10 12 20 28 30 31 09 27,557,888 
2003-08-03 2003047 03 17 26 28 32 33 16 28,355,638 
2003-07-31 2003046 07 08 10 11 17 26 11 27,144,542 
2003-07-27 2003045 03 07 14 15 17 32 03 26,657,064 
2003-07-24 2003044 02 05 09 16 32 33 15 26,537,776 
2003-07-20 2003043 02 08 10 19 20 32 13 27,416,990 
2003-07-17 2003042 03 05 07 10 15 20 07 26,607,702 
2003-07-13 2003041 02 03 17 18 24 25 11 28,265,402 
2003-07-10 2003040 04 05 06 12 14 23 16 27,328,054 
2003-07-06 2003039 03 05 23 24 27 32 03 27,694,202 
2003-07-03 2003038 05 07 08 24 25 27 16 26,782,590 
2003-06-29 2003037 09 14 17 18 26 32 07 26,257,640 
2003-06-26 2003036 07 21 24 25 27 28 15 25,054,376 
2003-06-22 2003035 03 04 05 08 10 11 08 25,179,768 
2003-06-19 2003034 08 13 14 16 23 25 14 22,899,946 
2003-06-15 2003033 01 07 14 20 27 30 10 22,266,754 
2003-06-12 2003032 04 11 25 27 29 30 13 20,115,568 
2003-06-08 2003031 11 17 20 22 28 32 01 18,101,608 
2003-06-05 2003030 02 06 13 14 23 27 07 16,765,384 
2003-06-01 2003029 02 07 15 26 29 32 10 17,515,374 
2003-05-29 2003028 06 13 16 20 28 32 07 17,442,014 
2003-05-25 2003027 01 11 14 17 27 28 15 17,626,250 
2003-05-22 2003026 08 13 15 26 29 31 16 16,245,314 
2003-05-18 2003025 01 05 11 13 14 27 12 16,536,260 
2003-05-15 2003024 02 07 15 17 22 30 14 15,035,104 
2003-05-11 2003023 01 10 20 22 26 31 02 15,374,822 
2003-05-08 2003022 02 07 11 12 14 32 08 13,869,188 
2003-05-04 2003021 14 15 18 25 26 30 01 13,537,342 
2003-05-01 2003020 07 10 25 26 27 32 04 14,670,860 
2003-04-27 2003019 04 08 12 13 16 33 09 15,159,580 
2003-04-24 2003018 05 16 19 20 25 28 13 14,339,392 
2003-04-20 2003017 05 08 18 23 25 31 06 14,451,270 
2003-04-17 2003016 11 17 28 30 31 33 06 13,098,324 
2003-04-13 2003015 04 11 19 25 26 32 13 13,460,134 
2003-04-10 2003014 03 05 07 08 21 31 02 12,476,130 
2003-04-06 2003013 08 13 17 21 23 32 12 12,611,880 
2003-04-03 2003012 02 12 16 17 27 30 12 12,307,262 
2003-03-30 2003011 04 05 11 12 30 32 15 12,782,494 
2003-03-27 2003010 01 02 08 13 17 24 13 12,402,130 
2003-03-23 2003009 05 09 18 20 22 30 09 12,386,072 
2003-03-20 2003008 05 08 09 14 17 23 08 11,696,278 
2003-03-16 2003007 01 09 19 21 23 26 07 12,124,030 
2003-03-13 2003006 01 03 10 21 26 27 06 10,919,658 
2003-03-09 2003005 04 06 15 17 30 31 16 10,661,438 
2003-03-06 2003004 04 06 07 10 13 25 03 9,517,794 
2003-03-02 2003003 01 07 10 23 28 32 16 8,917,960 
2003-02-27 2003002 04 09 19 20 21 26 12 7,398,870 
2003-02-23 2003001 10 11 12 13 26 28 11 10,307,806 
